1000 9918
746 447
360 14
324 745
271 994
333 357
172 933
11 481
262 885
241 142
973 341
484 870
86 22
713 872
199 269
916 715
761 800
43 801
377 559
820 111
895 661
17 654
180 206
74 585
345 289
420 605
661 633
186 859
248 828
728 454
485 749
199 51
614 982
602 987
963 526
748 776
994 392
597 93
981 254
50 304
123 746
558 861
391 1
485 734
10 898
598 377
265 955
472 337
737 731
314 636
666 713
813 614
799 535
524 878
869 505
603 815
454 323
700 47
59 145
447 542
305 49
567 825
272 198
766 741
6 523
266 940
413 523
90 680
586 789
938 217
106 968
104 516
480 81
441 307
461 912
627 267
301 871
437 167
470 433
519 489
775 3
357 80
488 129
159 494
293 824
954 994
718 123
518 178
155 952
566 174
454 660
399 61
392 293
446 120
747 775
380 228
146 364
790 973
534 955
496 971
924 771
53 285
1000 425
930 428
184 54
574 967
292 845
179 353
252 669
180 162
866 385
901 142
613 692
407 341
708 626
20 653
579 909
69 551
753 898
917 777
679 414
847 584
813 936
724 261
482 248
122 83
692 859
913 82
960 403
687 761
123 615
469 607
52 553
908 762
559 26
818 928
490 433
58 541
41 841
500 234
671 717
359 145
396 413
75 550
594 970
847 396
426 872
278 921
446 722
927 484
219 947
330 504
645 879
797 792
559 745
999 470
547 209
604 262
966 677
126 70
71 835
93 775
614 235
623 502
233 124
332 592
189 953
300 502
567 80
474 257
510 451
902 479
102 825
586 634
436 425
730 189
211 915
964 307
12 736
642 555
369 319
521 394
744 349
552 717
823 537
937 730
475 695
616 325
712 394
507 6
465 17
259 627
242 233
295 283
815 526
7 701
498 357
303 346
14 235
604 543
424 705
316 983
483 126
851 475
711 318
541 155
304 902
108 416
972 313
905 368
378 106
625 155
772 224
832 283
135 672
982 721
933 51
792 845
170 545
190 548
874 541
60 16
667 248
117 33
950 502
301 346
361 759
382 159
199 575
274 914
693 458
540 409
154 76
746 738
602 846
569 724
898 95
295 653
991 944
685 261
120 985
129 395
827 220
992 611
205 736
927 999
92 222
358 454
235 917
440 591
896 89
188 513
689 44
764 736
193 957
965 311
492 995
251 843
917 52
664 37
765 138
73 592
720 533
239 39
629 619
580 33
393 857
67 398
604 191
328 866
385 493
850 795
641 220
682 992
755 170
829 911
208 103
780 641
711 623
803 608
682 883
539 774
316 661
134 258
393 132
251 72
660 846
19 62
448 815
501 512
835 288
30 706
749 218
52 62
15 170
221 897
25 571
321 43
987 882
765 528
507 768
332 365
134 703
285 545
71 16
251 991
65 479
212 410
620 367
969 545
202 208
496 509
381 592
736 643
442 530
249 4
601 479
507 108
553 92
792 984
482 727
211 64
528 270
71 596
878 796
704 79
758 822
465 701
603 883
509 300
331 888
353 768
463 335
456 23
707 606
837 463
604 462
42 995
205 277
685 11
559 534
266 235
763 955
984 956
503 24
589 495
55 311
977 341
344 458
357 59
214 412
399 314
628 154
594 470
986 348
803 318
303 351
916 7
384 912
993 668
831 639
65 605
964 267
218 117
906 502
294 262
777 808
65 974
738 479
545 452
711 595
588 286
795 668
152 650
995 542
366 263
795 525
78 699
617 459
618 916
748 619
985 431
82 126
598 45
838 636
142 7
511 876
574 10
322 411
565 333
825 496
459 798
387 205
139 668
66 916
32 812
74 443
240 911
347 997
938 704
867 250
406 490
120 597
702 121
490 715
268 678
554 394
102 500
563 66
568 684
54 587
734 249
554 899
419 639
159 288
960 86
945 262
267 286
585 879
549 140
808 10
58 745
735 721
520 926
80 917
870 888
720 913
618 239
736 521
153 68
64 697
942 196
250 668
713 28
571 170
967 849
367 327
928 957
852 556
591 213
163 140
419 278
169 214
871 836
875 641
698 138
902 766
949 827
162 95
312 432
885 713
463 5
820 520
987 105
236 871
458 841
251 318
564 533
506 605
233 739
843 630
347 359
265 56
910 680
38 807
813 241
25 664
375 34
413 257
109 114
806 344
493 979
174 751
904 208
854 52
268 943
150 628
511 691
347 690
540 835
88 770
652 660
579 908
670 597
557 145
195 887
252 636
828 994
308 702
2 481
638 931
796 225
325 861
36 768
956 805
169 481
667 110
351 905
946 155
438 519
205 776
353 253
575 958
455 729
302 54
14 290
202 458
828 10
923 294
192 300
448 838
625 570
38 526
707 760
196 371
268 160
514 136
127 773
935 984
936 842
429 830
853 907
474 748
628 397
916 125
370 397
79 343
543 164
358 426
287 890
698 831
326 660
188 749
673 523
812 90
254 663
591 462
295 189
388 993
815 954
485 287
751 20
219 495
439 738
561 952
622 291
385 674
834 883
502 749
13 686
721 195
619 207
65 807
394 515
70 560
803 933
364 789
184 211
721 348
356 497
621 443
87 611
164 524
552 974
274 444
368 62
886 848
1000 563
143 723
862 217
679 445
743 590
265 609
487 140
228 33
566 785
681 41
919 227
420 42
477 7
460 859
712 366
373 214
362 133
325 83
897 626
630 683
623 966
349 77
830 740
580 735
905 819
448 930
432 359
660 918
453 191
914 579
594 133
990 494
779 707
690 410
24 736
576 477
315 419
79 186
953 833
157 604
818 310
859 686
849 404
690 764
563 630
570 294
76 739
992 508
798 366
563 817
620 652
806 853
897 175
646 802
439 544
647 127
831 482
483 624
155 701
86 703
507 342
244 179
849 199
453 379
232 223
654 379
622 332
915 812
493 232
129 999
191 97
472 541
694 856
369 427
940 440
891 298
48 576
655 167
531 877
378 331
699 675
599 330
251 56
342 209
345 51
26 670
743 831
377 642
69 732
820 4
804 897
489 780
473 151
950 899
649 180
562 591
944 283
730 297
434 218
1 965
991 66
350 94
482 206
445 442
193 129
854 104
839 14
491 420
94 67
830 983
122 392
268 292
22 645
735 990
684 860
919 7
244 923
332 293
585 993
163 343
893 883
917 546
477 107
459 544
653 40
676 159
698 691
79 120
390 765
709 219
382 11
202 661
511 890
707 688
569 823
897 888
58 308
976 735
775 891
903 958
926 765
139 29
342 467
76 688
718 323
478 792
390 430
504 371
54 91
920 165
206 902
427 951
11 180
897 139
312 405
555 435
439 516
462 351
780 576
358 604
860 310
95 539
189 706
262 918
158 199
87 231
879 123
958 878
156 316
104 117
398 481
846 995
303 428
30 684
942 584
93 417
833 55
227 222
655 40
477 770
330 733
683 211
756 827
759 100
100 807
269 302
113 180
68 942
903 947
80 443
43 705
834 204
729 34
730 269
473 796
700 741
368 70
313 715
388 584
360 746
222 240
353 359
631 844
282 173
84 279
468 144
217 400
936 418
168 860
615 728
174 998
144 213
572 141
790 316
22 170
481 116
687 172
304 395
250 443
895 9
44 453
633 691
168 418
597 671
619 59
158 581
965 91
58 345
499 457
64 698
597 512
157 659
512 910
768 568
508 393
400 668
653 898
846 353
866 611
393 549
858 691
253 187
552 302
955 187
154 982
637 277
965 270
663 188
384 95
3 743
105 13
306 780
93 628
561 770
525 935
60 902
663 825
336 102
638 643
368 599
789 643
919 820
975 872
744 242
768 130
218 249
803 691
807 99
561 637
333 325
470 467
55 847
95 930
846 622
483 68
856 746
284 19
19 521
346 724
467 943
386 575
739 151
190 861
415 952
623 489
86 674
129 571
127 371
535 712
406 260
924 449
458 127
442 600
155 181
467 135
625 479
553 10
481 39
942 404
36 114
54 410
404 515
390 554
475 755
965 942
1 457
794 6
776 517
505 319
112 967
746 942
249 654
240 743
549 385
789 370
132 939
495 145
328 952
266 209
33 570
965 337
824 795
509 53
880 695
699 307
258 621
227 153
844 824
766 135
318 32
399 460
57 285
314 180
979 698
357 114
855 471
917 240
208 238
923 899
802 48
877 524
879 66
807 289
635 550
375 227
802 419
416 362
769 682
842 928
865 783
277 97
47 525
604 618
865 942
539 685
549 604
291 37
809 679
169 768
483 998
122 800
658 324
142 920
19 258
519 757
791 608
761 591
557 894
317 505
247 888
506 50
177 411
367 699
633 517
26 605
213 169
397 18
199 906
803 773
227 325
468 89
253 733
347 641
264 38
277 986
36 948
292 30
143 865
558 435
406 253
441 257
871 88
453 335
182 263
310 456
810 768
335 815
826 692
289 707
879 674
310 123
702 937
645 978
334 109
278 475
180 915
362 794
556 278
404 91
511 823
962 733
963 363
811 992
560 160
589 450
72 282
238 491
927 943
889 585
641 210
688 249
495 361
797 431
877 641
553 859
425 467
801 5
68 524
389 536
130 815
898 965
829 623
8 303
503 208
489 866
293 306
223 49
777 125
869 719
193 102
88 844
765 558
17 304
346 652
184 351
977 614
998 956
485 839
839 120
550 245
365 497
210 625
563 330
356 756
621 192
490 578
60 208
373 919
670 829
965 691
126 625
273 198
224 489
539 98
705 158
799 572
696 942
383 499
252 992
300 997
266 597
446 831
533 81
1 384
3 206
226 413
600 146
304 383
300 992
737 510
469 887
148 448
520 627
854 626
562 242
728 758
144 295
737 120
167 629
115 828
689 253
139 28
767 780
976 623
78 35
283 372
923 700
232 399
379 347
140 642
590 958
422 540
423 301
45 379
104 713
693 447
486 407
180 742
533 38
668 883
480 604
299 240
245 852
756 320
410 950
752 819
898 647
830 346
133 906
707 45
351 322
308 214
925 495
378 492
747 941
363 624
470 436
146 406
276 629
226 680
834 43
928 172
308 390
290 921
388 510
636 210
178 918
219 739
905 317
175 71
1 800
148 685
795 218
65 441
563 166
118 838
201 681
74 441
274 679
57 717
994 118
870 653
752 44
849 902
95 402
387 493
904 705
301 271
93 325
624 118
734 255
771 115
956 45
867 474
745 710
528 323
267 272
200 601
88 275
243 630
753 551
992 889
334 280
61 480
301 49
729 526
144 500
383 757
918 192
941 225
961 675
324 229
817 44
727 545
901 448
44 123
824 450
323 948
196 78
470 933
287 785
769 50
149 208
43 309
813 201
358 750
508 223
385 442
669 394
391 644
124 431
723 543
487 863
973 20
884 401
70 563
376 680
677 784
553 770
545 619
904 500
977 226
622 244
273 731
221 805
972 931
388 188
405 762
584 683
87 488
686 968
848 201
613 800
544 297
394 764
643 719
647 923
818 539
835 395
29 448
268 568
786 61
951 789
97 586
518 652
406 682
332 279
73 417
805 496
494 679
429 924
135 226
728 500
934 815
866 81
499 616
689 744
770 875
588 678
183 706
974 763
51 329
5 922
545 765
583 349
737 853
478 405
102 353
747 92
785 319
913 770
272 150
111 541
165 597
831 820
616 837
57 984
49 452
286 507
767 230
219 948
515 227
480 472
707 651
604 257
902 542
461 800
379 699
305 316
9 861
861 287
310 15
112 770
777 682
867 946
980 627
965 481
586 534
260 393
3 706
470 816
591 191
864 779
862 778
594 412
225 711
604 837
574 565
81 384
425 517
507 426
94 201
109 306
579 46
23 356
485 511
548 787
668 456
959 219
337 568
857 257
566 427
90 400
181 839
906 420
70 577
587 361
167 389
631 96
43 763
209 663
928 67
674 571
307 62
312 744
871 103
633 752
765 78
550 89
681 158
832 286
779 742
635 323
162 612
382 928
827 533
957 572
442 637
960 498
724 395
88 173
786 338
292 31
476 300
957 283
61 326
585 852
605 265
552 171
246 134
757 126
675 679
178 373
913 750
625 548
111 561
758 856
961 762
447 595
852 152
345 953
879 572
384 331
348 52
79 132
787 520
783 982
612 808
352 174
7 56
634 572
671 81
63 212
424 856
253 98
91 331
917 49
828 694
278 629
742 46
157 380
983 816
106 260
918 581
152 100
405 894
251 766
267 885
324 354
702 539
538 728
480 544
617 33
891 588
214 337
966 832
984 474
402 807
794 903
95 694
168 925
996 131
46 866
394 451
493 119
385 921
902 875
295 1
503 34
800 418
413 342
489 976
492 305
679 31
517 832
292 57
815 559
123 119
674 893
97 199
227 53
321 40
913 364
821 875
517 98
313 572
333 897
725 399
874 971
790 205
161 624
736 952
510 536
286 996
359 278
469 306
499 947
161 850
808 243
671 608
304 530
784 780
78 546
341 777
524 838
624 218
914 530
808 17
460 968
354 491
647 689
148 449
155 742
253 804
344 704
326 560
864 503
331 970
962 796
176 905
488 907
286 322
103 126
128 812
736 177
241 757
457 944
211 641
158 920
909 576
508 325
751 507
756 419
315 687
813 228
836 27
741 941
725 781
263 340
33 451
845 164
919 957
42 659
454 684
436 943
20 925
289 155
20 285
916 727
740 51
549 531
263 895
605 796
342 866
660 579
956 746
226 907
407 162
320 332
937 211
678 922
322 521
1 848
933 103
683 512
633 685
170 597
305 762
144 184
662 670
535 388
23 80
646 452
763 431
981 476
799 121
490 345
632 808
349 2
729 725
279 909
559 499
942 489
586 63
951 357
59 149
379 944
13 380
966 290
736 383
801 301
790 28
258 357
595 436
598 825
858 782
344 732
897 971
702 870
495 236
245 533
65 55
477 748
478 901
483 573
444 813
637 388
195 113
912 520
771 748
849 252
927 977
489 765
436 796
416 839
208 147
291 351
82 628
212 827
160 982
697 177
200 503
32 221
873 784
470 102
146 360
809 568
622 822
384 669
406 990
280 478
726 556
826 617
76 120
919 532
873 562
70 602
930 539
697 508
301 906
873 707
341 477
791 719
688 856
711 116
808 429
496 425
26 502
947 98
160 368
342 616
880 15
643 381
983 137
669 561
908 847
386 97
743 261
781 352
856 215
486 822
128 37
399 997
311 185
448 857
826 938
107 444
325 13
814 568
845 710
527 730
783 844
639 347
7 326
121 473
124 520
909 934
788 713
745 44
576 355
46 651
552 268
332 588
875 622
569 591
150 532
246 825
873 65
323 32
15 670
290 427
379 265
453 830
440 499
956 92
594 300
613 16
363 797
164 986
437 458
650 253
302 840
72 546
394 447
184 103
384 633
104 51
262 638
207 177
829 698
812 552
338 887
144 708
930 575
790 719
518 734
454 176
221 603
94 219
792 691
522 612
407 234
434 132
677 216
808 393
537 845
347 945
513 969
28 364
322 625
162 794
680 835
990 32
278 236
444 220
875 224
142 835
905 795
217 462
572 192
175 461
583 320
223 7
620 203
788 911
810 895
923 436
618 545
343 669
809 553
662 19
969 167
110 619
185 912
408 241
603 678
915 11
768 657
586 952
718 149
665 15
793 194
388 674
996 479
867 977
580 158
380 868
841 718
457 757
138 24
836 439
584 40
802 227
289 924
641 167
517 540
20 139
973 219
276 893
442 254
690 831
51 567
142 866
753 433
825 28
419 879
831 82
462 915
285 874
941 799
269 438
473 107
422 156
299 673
139 918
144 544
622 61
994 270
688 657
709 777
29 319
714 913
933 241
660 543
943 424
843 204
257 737
165 40
402 394
701 230
994 80
944 869
35 556
123 690
141 47
89 326
182 169
75 823
187 721
563 106
396 67
422 888
329 160
663 31
499 720
207 131
469 644
740 769
370 750
560 514
945 248
426 138
509 153
36 287
756 142
645 931
850 183
393 526
448 687
488 908
571 243
37 691
738 512
182 930
449 999
656 275
453 579
148 151
923 815
267 771
115 461
357 392
966 786
916 3
419 557
989 419
63 250
229 206
945 533
747 641
285 860
380 110
223 480
225 895
582 861
86 548
741 258
932 868
864 530
63 472
378 490
255 928
955 826
433 832
416 114
401 226
458 378
977 567
190 932
356 436
397 374
570 718
597 527
717 941
577 250
407 189
748 773
30 988
451 905
808 434
278 330
904 997
173 544
504 905
191 683
820 313
951 977
787 944
681 213
191 824
141 83
530 803
754 660
793 604
330 54
266 740
304 575
607 525
219 652
739 430
192 196
430 194
505 1
588 610
940 763
499 349
566 70
987 560
608 843
71 709
475 452
165 512
686 98
448 540
489 160
788 566
241 775
76 727
825 883
196 72
806 769
371 930
420 27
232 380
160 521
802 184
768 968
128 87
423 416
907 287
732 296
655 916
20 220
538 529
975 964
389 506
711 674
643 898
658 208
552 877
113 777
795 719
6 362
725 514
993 728
820 810
755 279
773 156
7 596
934 353
284 110
714 759
87 603
548 991
143 293
385 917
354 230
482 403
688 714
534 564
503 267
956 655
539 401
943 883
316 721
909 319
468 977
397 491
368 101
507 554
726 300
810 471
857 784
805 208
130 456
41 803
980 74
84 903
912 734
511 320
843 704
852 396
121 254
395 837
527 692
1 462
628 747
240 540
774 707
318 863
176 884
619 24
159 117
463 676
865 120
155 71
188 907
172 256
84 724
732 200
434 519
880 603
132 918
956 384
889 995
104 613
415 192
530 912
784 416
452 310
751 306
661 38
846 98
793 150
794 761
592 122
284 543
360 429
91 15
368 904
384 941
662 432
284 654
431 585
413 46
499 490
475 797
295 14
781 963
717 49
919 853
513 300
651 655
375 109
378 435
858 121
972 961
899 550
498 888
937 511
344 366
696 899
324 972
865 796
517 251
39 363
852 526
134 581
751 886
839 256
531 51
493 836
27 272
389 921
193 8
32 138
794 114
613 548
389 554
620 256
805 402
679 441
477 914
688 931
459 568
795 418
256 723
504 159
325 597
309 890
148 696
330 295
425 521
232 873
747 58
107 411
366 756
23 889
659 925
419 244
684 696
701 758
957 620
232 519
893 878
305 205
975 337
606 685
612 810
997 784
253 96
115 67
300 471
690 587
418 134
772 841
699 251
737 428
646 806
243 167
335 767
195 72
215 21
919 923
299 38
462 758
964 284
638 70
551 876
642 520
916 479
635 967
447 247
820 883
971 505
552 805
367 940
9 238
327 498
630 713
669 3
88 672
734 571
666 527
972 116
557 718
491 444
835 436
244 567
910 390
344 505
252 706
914 61
547 967
459 920
946 490
786 3
808 471
40 865
740 718
805 445
387 160
838 311
22 928
278 286
316 69
580 906
321 761
395 606
348 726
420 251
594 730
224 736
905 625
448 228
748 87
453 125
951 658
918 473
900 700
634 410
317 990
156 604
585 886
123 915
785 372
300 887
825 823
303 524
366 656
737 12
258 415
581 147
197 154
913 601
496 781
84 15
728 616
109 625
181 438
571 242
996 621
755 25
31 404
641 480
555 550
516 800
758 759
121 754
929 429
586 556
301 281
410 774
87 114
414 198
755 28
259 771
205 195
690 849
341 899
143 189
881 662
60 877
725 924
372 763
414 992
533 374
392 158
502 809
378 491
750 3
734 900
366 264
976 460
762 597
1000 450
485 646
252 375
473 70
751 671
535 962
48 846
783 144
108 342
960 751
579 919
763 210
947 923
678 89
825 507
476 577
222 101
408 801
473 382
815 144
891 886
692 845
910 188
341 888
274 674
405 658
867 225
995 820
409 441
230 547
605 429
473 514
701 122
334 637
80 876
300 565
616 590
351 357
468 259
488 686
734 226
573 160
649 656
796 961
212 730
653 72
527 595
44 449
724 163
83 29
840 416
662 105
679 901
805 52
586 116
509 188
182 194
862 608
224 52
817 33
67 670
672 812
275 823
480 285
637 273
487 634
924 910
449 627
212 606
659 544
287 675
978 266
771 750
217 632
507 229
881 545
755 248
739 735
333 434
686 654
995 373
802 411
587 915
634 806
882 205
778 400
484 945
602 252
807 31
423 790
547 546
588 142
493 974
864 493
132 164
759 471
119 52
800 902
199 124
872 237
114 346
424 378
118 372
948 181
71 70
408 323
574 43
170 277
583 939
450 549
293 41
226 28
889 324
563 135
341 317
92 629
53 745
402 467
313 852
63 552
781 213
875 262
767 316
108 239
350 308
867 362
429 187
879 839
588 560
93 206
221 57
349 100
277 263
559 401
374 74
236 718
675 652
16 127
242 608
552 65
770 136
956 163
906 600
961 531
984 684
289 586
606 807
771 782
844 872
650 581
193 826
875 834
508 425
552 383
653 479
608 950
914 909
519 54
278 620
279 797
530 913
380 834
401 835
147 419
804 471
223 756
704 584
686 456
45 320
229 35
105 237
103 590
750 767
521 547
899 818
941 646
488 114
967 650
824 492
849 281
557 438
635 570
87 171
950 751
898 842
60 789
578 726
670 254
449 490
246 1
570 818
998 799
294 210
385 726
259 502
27 501
100 133
637 474
707 260
817 836
160 65
597 317
84 480
194 352
621 71
986 964
583 89
539 380
889 328
31 712
322 476
952 827
683 573
79 732
139 731
640 872
74 508
499 585
720 495
762 65
635 309
528 649
856 6
553 106
130 429
879 859
164 92
426 935
614 476
802 714
213 745
803 265
257 839
865 42
172 342
136 836
693 788
529 787
736 313
97 497
741 568
542 555
634 712
829 793
839 651
292 990
666 207
776 771
695 72
451 754
993 936
43 481
731 196
747 633
395 300
860 184
771 665
836 433
855 503
712 127
436 807
910 586
901 763
777 933
185 40
197 650
954 791
168 896
155 614
910 762
712 349
381 622
493 116
114 107
299 455
85 346
712 428
696 817
290 542
743 933
677 567
159 992
754 170
494 401
916 388
961 460
657 868
400 459
336 6
829 446
188 298
160 331
969 555
630 869
994 110
905 487
669 582
636 543
729 235
657 134
638 405
473 549
574 477
499 549
203 955
624 78
112 306
45 802
179 996
364 27
314 837
477 151
741 890
712 624
602 812
89 919
180 100
790 119
101 620
434 637
54 818
26 75
906 739
926 742
728 617
638 172
305 232
589 536
702 841
128 562
968 7
72 92
628 113
441 137
172 512
493 421
275 270
168 862
104 860
410 775
995 953
807 276
220 658
685 696
355 685
617 2
564 575
524 944
455 814
16 130
830 350
834 773
825 218
34 861
748 636
551 224
754 144
152 656
29 214
583 531
248 70
274 223
774 599
829 655
759 498
53 321
958 30
312 837
621 485
740 397
339 620
470 709
708 675
126 804
626 276
993 217
924 75
528 109
880 407
903 332
942 932
155 63
819 212
801 609
820 315
472 425
862 154
350 462
575 563
779 834
287 443
783 550
365 755
519 892
506 482
990 137
538 278
940 614
723 782
631 617
709 303
58 941
723 255
390 722
495 796
671 871
97 519
254 23
495 779
97 381
569 854
179 670
988 152
400 657
883 370
3 460
906 647
336 616
84 545
638 200
647 156
387 826
119 685
229 445
107 529
147 390
183 348
609 487
340 983
581 825
267 801
862 786
846 183
53 512
717 442
294 469
47 647
928 639
17 944
125 975
146 724
789 654
117 847
371 627
798 980
324 603
652 600
620 257
195 718
631 235
192 600
798 342
509 958
694 551
698 396
476 768
669 891
339 520
191 491
412 452
655 440
783 247
821 928
770 722
754 325
851 183
123 286
964 952
620 321
458 233
866 250
725 53
984 113
549 999
930 875
599 885
135 714
705 226
793 574
403 838
865 430
391 493
156 534
361 540
643 28
538 362
705 459
192 290
838 169
605 338
537 690
476 106
281 108
62 811
357 953
799 278
537 291
59 35
499 424
994 39
944 363
373 399
822 332
254 130
966 1000
920 452
495 156
25 224
872 989
504 321
267 111
620 535
349 139
474 665
510 379
516 874
205 471
672 303
633 484
580 165
655 661
772 855
367 71
634 774
71 205
401 723
38 520
440 263
132 581
833 752
595 913
483 427
108 836
848 275
629 690
483 312
380 144
829 27
39 7
170 178
461 497
564 358
981 481
217 885
255 917
609 799
117 980
887 240
212 568
599 188
394 525
507 140
125 565
401 287
99 454
338 882
302 553
307 149
699 225
592 822
688 744
356 590
568 46
786 29
255 344
990 773
517 411
830 850
482 36
563 373
455 283
151 257
692 574
815 75
359 383
495 600
330 67
494 822
745 864
749 708
308 958
790 270
667 241
596 201
154 36
987 669
1 447
952 649
466 430
80 964
174 146
358 159
758 860
227 772
376 74
283 534
126 26
802 941
436 994
606 659
664 950
206 601
138 293
301 791
563 636
932 655
558 321
335 584
104 722
766 164
489 408
493 448
519 46
632 200
794 731
465 167
363 988
470 848
822 229
915 965
147 303
220 655
792 56
849 57
264 753
427 111
375 813
287 523
76 334
122 764
284 259
980 992
710 203
432 534
608 415
882 18
756 527
596 996
380 299
468 714
695 700
826 445
919 744
441 665
668 296
541 86
651 570
247 53
748 165
109 52
460 290
868 167
42 6
874 932
928 244
549 716
52 948
145 254
91 582
830 255
479 471
332 668
545 893
749 501
71 9
829 445
299 898
325 910
363 215
934 792
682 321
990 660
246 128
270 864
840 857
732 735
87 976
951 639
933 464
457 495
667 44
500 267
749 680
73 223
880 217
274 606
79 977
995 760
357 543
144 126
456 288
257 817
979 76
748 375
761 599
89 918
440 788
2 999
990 460
495 579
301 89
68 356
71 883
827 241
846 271
633 322
440 626
132 872
993 858
423 347
139 96
31 406
768 880
860 238
291 317
572 666
685 917
906 962
823 779
112 989
521 745
312 546
124 384
310 789
557 364
778 107
726 429
354 896
67 224
346 156
996 163
873 824
747 787
623 140
238 234
954 667
904 428
962 254
947 590
731 295
878 58
717 840
505 872
264 90
856 532
288 360
493 889
708 684
855 591
360 342
878 276
41 409
252 599
567 407
26 414
616 402
429 947
342 576
201 684
787 949
921 619
356 868
430 487
657 97
658 826
246 187
22 946
573 77
316 474
35 418
197 755
576 125
261 829
724 173
304 272
932 634
129 347
115 878
637 717
694 444
362 957
367 199
841 557
261 735
742 392
689 28
708 264
728 582
824 773
320 830
664 221
72 121
592 624
220 337
508 212
38 749
953 414
267 945
986 315
881 551
55 566
167 88
595 613
401 145
832 222
864 578
976 140
5 158
548 397
306 296
638 532
677 748
256 428
688 495
502 779
873 933
800 444
180 59
398 118
950 547
165 425
419 953
119 54
907 988
933 852
605 295
274 83
807 895
60 448
725 466
982 483
397 407
787 243
829 372
112 324
781 497
602 318
880 436
477 794
4 158
316 152
9 736
999 949
268 283
759 648
398 686
539 176
558 908
669 525
526 430
362 477
58 946
956 95
117 85
505 435
657 478
625 418
240 640
866 844
443 997
597 716
123 861
828 476
738 370
426 848
941 175
818 186
323 744
175 523
611 625
266 840
735 565
658 738
845 548
348 220
496 855
975 353
73 2
335 966
529 599
602 139
91 354
879 261
129 272
137 794
263 250
600 903
86 571
972 568
185 858
205 423
814 515
547 900
628 990
538 705
579 503
409 531
360 63
323 181
343 174
626 774
953 206
846 771
765 690
732 916
43 67
2 980
800 710
416 223
91 863
274 149
864 733
886 542
118 436
319 871
929 919
470 497
421 211
406 617
152 632
228 291
618 983
159 927
172 670
169 890
403 681
702 15
596 534
133 368
523 680
895 570
491 288
27 130
523 825
265 537
532 569
383 231
94 110
499 986
226 62
634 163
822 882
880 47
952 940
437 195
574 295
297 281
705 180
134 900
213 917
721 613
311 360
331 630
669 708
236 681
168 153
110 271
373 320
344 634
862 284
934 697
573 343
175 559
509 241
858 662
89 121
332 564
145 921
760 32
618 194
909 599
481 716
438 465
96 184
926 426
547 979
430 693
453 764
863 885
590 983
578 999
778 229
210 483
618 484
198 924
197 743
912 514
149 388
284 749
251 866
603 457
821 434
72 367
764 188
659 312
402 947
440 2
872 5
178 650
360 825
296 231
482 372
957 14
639 790
621 263
89 142
60 537
934 200
744 741
825 371
411 214
726 957
735 33
166 228
244 716
155 85
799 772
434 164
863 141
573 214
995 797
961 157
653 895
526 503
608 250
752 6
117 487
754 620
974 645
369 714
689 555
227 756
11 515
528 759
771 29
631 647
361 731
718 569
828 322
900 590
44 472
5 878
84 809
103 127
106 161
785 506
935 776
828 440
993 619
559 312
504 267
806 910
763 471
281 325
999 359
751 262
310 200
404 5
208 398
760 939
510 665
542 235
175 918
324 316
538 662
327 748
830 582
630 927
262 905
674 73
622 371
915 849
988 617
830 348
464 469
273 272
401 452
76 194
631 400
527 341
851 738
968 596
798 105
977 922
762 592
446 423
393 313
872 318
188 229
968 675
825 286
630 603
182 968
666 909
888 789
66 893
486 594
985 81
56 315
735 5
293 50
169 124
388 282
1000 626
965 512
70 940
239 827
721 178
460 692
74 50
114 819
135 625
562 479
155 564
856 192
250 339
782 744
607 381
439 415
549 645
135 743
984 292
14 513
883 598
280 683
603 855
965 68
110 709
719 117
463 299
784 154
988 154
440 928
239 272
404 827
25 10
375 720
67 643
124 592
573 332
462 480
564 840
929 477
894 423
772 893
372 405
579 189
285 490
125 235
56 974
128 43
756 307
78 291
650 480
389 348
559 784
413 70
677 905
785 947
147 358
55 561
224 627
707 126
29 918
19 985
380 142
185 392
461 459
513 858
381 532
848 87
9 43
29 184
982 6
786 858
795 993
756 963
788 522
998 796
108 294
90 297
626 423
184 174
476 852
795 926
174 585
411 105
17 498
878 305
240 197
494 574
98 255
756 808
544 13
339 763
731 593
718 235
403 618
978 990
562 737
397 120
435 317
697 594
592 392
832 167
288 553
255 21
907 216
424 185
26 149
799 498
446 878
361 514
892 810
822 945
130 119
576 43
600 399
248 140
24 541
221 520
616 843
176 872
663 289
922 237
318 978
15 854
749 802
974 185
331 905
392 714
708 365
291 359
556 297
444 863
854 962
112 919
133 665
280 67
299 161
320 348
896 157
627 117
419 536
385 408
885 693
337 281
358 543
396 824
622 38
927 577
363 784
333 292
228 462
800 711
86 996
215 704
787 451
96 840
523 461
856 606
445 433
860 650
773 13
942 908
138 564
655 105
223 107
764 349
821 898
240 225
238 620
26 420
498 681
908 522
985 929
739 406
864 845
621 147
213 803
1 659
862 80
295 977
204 618
412 639
14 735
678 326
757 215
575 986
732 765
183 498
896 799
274 907
443 759
586 112
571 268
111 575
75 765
515 197
849 627
791 368
451 299
276 454
859 727
110 479
699 142
112 804
56 954
68 951
965 463
345 718
850 897
742 179
700 550
893 61
988 791
3 949
924 527
854 712
695 408
964 271
347 310
229 806
51 570
312 78
668 443
150 902
834 943
985 297
12 995
109 518
610 646
920 700
578 424
7 664
946 644
887 604
786 861
946 952
77 596
960 810
726 67
394 702
568 93
625 92
38 65
848 829
647 985
688 662
122 190
839 113
147 715
666 985
667 256
61 17
354 29
482 198
572 387
147 568
482 185
579 733
909 468
329 218
345 362
41 238
792 946
387 502
509 433
135 524
265 790
250 316
258 569
328 414
239 680
81 269
922 912
942 471
781 107
255 178
885 23
334 263
409 108
67 904
379 938
79 241
581 159
395 30
714 304
917 381
332 691
499 98
172 452
465 342
304 84
529 909
758 865
901 570
370 348
558 355
500 751
581 834
513 34
327 910
516 947
901 587
924 764
13 364
873 28
548 492
592 692
532 88
608 462
147 186
5 184
850 647
47 605
554 622
161 490
850 724
402 916
366 413
744 45
85 379
195 727
327 466
94 491
389 827
415 831
986 153
455 46
62 148
302 615
194 308
910 102
515 530
843 897
290 771
921 847
549 895
109 824
645 300
614 863
575 687
78 973
83 741
688 769
653 785
875 385
252 960
1 682
809 19
593 900
212 924
9 603
324 51
568 710
165 856
204 690
338 380
249 47
540 411
309 781
382 845
364 424
73 397
866 934
620 249
732 963
823 308
625 533
261 827
142 347
349 318
978 462
762 457
655 707
586 795
350 166
409 874
249 619
728 567
684 297
552 278
152 979
674 591
64 592
229 442
931 265
453 546
536 298
901 542
993 981
498 397
760 968
600 689
105 245
809 246
954 1000
183 462
138 221
970 275
501 828
891 396
780 755
218 94
632 480
6 367
985 168
872 463
122 562
696 893
473 388
536 230
907 69
298 57
968 477
602 107
529 317
203 236
939 304
784 392
462 895
771 591
565 150
234 998
52 766
645 110
77 540
653 595
375 347
128 108
236 131
915 296
847 941
872 652
604 230
382 572
718 954
203 347
957 46
886 252
524 599
411 182
433 466
913 72
679 609
60 151
558 914
909 28
567 704
920 221
154 463
736 721
399 995
737 878
45 871
497 889
791 254
923 430
546 703
362 12
453 339
244 988
510 156
439 128
421 949
706 837
619 428
234 66
415 171
71 821
811 734
832 659
375 695
448 748
358 419
641 435
699 101
337 228
923 893
450 413
747 401
289 85
533 246
348 508
342 729
668 771
688 65
708 12
414 243
72 486
200 315
882 267
871 577
160 921
143 241
95 744
206 531
158 406
289 325
331 243
593 503
955 889
575 432
778 500
910 431
877 72
811 358
117 755
95 172
402 863
304 783
235 793
622 727
993 448
697 764
414 896
332 28
939 587
464 873
507 717
787 720
153 975
745 869
266 726
195 122
508 884
901 168
553 255
93 46
575 810
12 974
433 41
838 704
840 5
55 150
426 818
734 963
652 68
371 414
286 478
35 715
131 719
444 542
85 960
67 717
348 162
132 887
278 669
447 318
709 151
736 323
15 986
896 348
510 410
811 587
153 293
138 435
932 537
312 386
58 234
885 743
119 519
927 774
146 633
476 905
462 763
101 639
698 429
630 800
21 696
29 93
581 528
1 382
894 553
754 973
458 539
560 277
289 353
366 369
969 195
321 176
213 386
472 772
184 248
611 307
920 556
963 654
982 446
251 160
469 217
330 817
4 50
276 703
18 212
621 39
821 997
777 327
972 149
787 922
148 916
147 571
991 474
513 625
832 369
45 636
869 826
49 633
527 932
472 320
143 943
424 227
44 692
979 371
67 877
288 594
128 743
734 11
956 1
315 139
254 364
97 55
675 328
435 643
405 487
210 897
304 198
12 143
289 630
54 822
512 535
718 473
277 29
98 970
659 813
805 727
889 926
358 363
10 317
884 192
440 339
132 649
794 570
281 613
465 128
410 771
603 422
640 172
34 119
769 456
988 756
402 755
578 632
670 24
677 868
860 446
916 504
367 862
26 950
890 681
372 704
178 733
693 202
877 861
289 156
643 829
346 935
254 740
481 884
405 750
501 633
184 37
510 989
539 621
346 350
119 47
892 237
363 505
34 571
53 333
181 696
517 62
956 626
805 394
299 594
592 287
65 433
160 363
524 291
19 544
238 660
810 509
194 922
118 958
835 834
178 67
469 576
827 594
600 88
106 993
895 163
653 67
379 984
107 457
110 856
59 170
296 808
706 975
249 776
344 564
54 867
400 774
429 389
858 777
632 282
107 759
788 572
680 349
520 742
813 31
719 453
16 837
626 684
682 136
497 608
633 460
998 244
266 181
966 598
646 848
977 431
565 672
320 759
826 60
419 638
438 270
242 903
738 768
133 820
732 294
609 533
996 243
698 357
55 928
973 157
920 983
378 409
57 196
752 130
45 716
302 678
431 262
531 940
454 941
661 561
550 145
160 823
375 421
771 570
659 80
492 135
744 808
670 560
127 405
308 273
43 548
852 982
911 981
10 986
800 232
801 513
783 401
114 71
38 360
900 339
44 749
924 329
931 575
776 464
563 936
529 8
88 328
326 198
64 497
374 722
693 906
895 468
844 790
747 229
414 308
534 69
153 46
144 359
399 561
348 223
629 890
956 414
387 909
637 351
388 693
428 182
765 251
471 112
935 641
457 706
189 831
760 997
862 753
406 502
391 851
910 961
414 240
508 251
368 910
114 158
632 287
929 217
228 708
793 442
137 850
945 599
569 419
313 221
42 485
209 348
674 254
215 706
829 578
481 956
579 167
713 103
764 121
895 705
329 736
511 712
807 911
388 47
254 65
478 184
937 370
95 30
208 690
616 207
155 477
692 236
783 215
808 481
237 313
94 194
815 230
73 427
1000 573
480 398
783 324
880 467
990 920
621 438
100 710
943 2
340 53
583 27
182 720
518 373
13 74
252 888
917 532
277 437
926 834
535 58
495 617
595 279
499 362
836 619
193 767
575 27
419 109
779 765
118 563
361 286
215 495
841 4
269 531
736 318
49 895
538 108
900 907
660 502
690 355
31 41
167 729
349 662
6 857
906 859
864 193
374 35
958 655
101 166
375 523
859 838
676 688
915 600
953 269
590 986
239 40
724 676
622 491
417 88
626 982
275 358
663 779
225 763
320 781
243 43
711 723
419 647
798 897
600 904
105 494
109 270
43 928
636 481
947 630
394 602
693 102
507 63
604 583
298 254
905 46
545 23
468 706
38 244
894 441
207 679
977 972
454 772
346 661
238 927
132 8
579 929
601 153
167 786
774 254
852 782
321 834
820 300
514 659
365 633
900 388
494 871
444 8
62 427
427 993
568 300
259 165
662 188
637 850
139 587
614 772
352 704
382 855
537 793
743 330
640 254
967 828
585 888
508 665
608 567
790 153
738 326
331 740
387 662
406 150
46 121
304 360
613 148
588 886
861 12
810 166
392 923
279 525
853 984
747 173
783 909
453 298
9 580
2 914
813 58
401 673
894 63
439 888
335 503
973 113
287 804
551 603
276 75
931 411
152 217
941 295
550 485
589 373
693 638
332 994
722 150
65 697
641 415
447 51
68 804
508 35
403 185
902 45
427 79
640 92
113 870
241 297
204 443
42 298
488 69
975 926
228 49
150 928
229 399
503 30
177 838
911 55
255 43
271 148
664 368
223 143
406 933
743 964
618 923
821 806
329 696
956 627
482 390
528 778
178 911
450 680
87 573
327 242
240 220
403 738
631 32
247 827
919 847
623 588
545 475
810 363
339 849
395 739
145 504
202 251
222 254
278 316
373 114
832 482
767 76
115 679
223 297
80 866
762 130
785 185
456 753
390 580
466 470
801 823
452 773
456 320
681 265
150 196
761 59
45 914
894 638
391 170
325 464
69 947
770 81
554 680
262 413
359 179
709 76
175 736
235 445
128 913
521 990
408 129
372 242
390 497
420 916
429 277
626 685
219 833
182 119
754 41
537 100
188 732
857 624
195 232
646 849
497 464
229 9
485 159
395 363
732 432
806 651
988 810
276 222
354 714
741 430
997 52
485 224
640 137
197 700
517 605
204 328
651 779
856 807
102 619
401 532
340 748
812 286
212 946
62 84
530 450
364 804
63 367
610 616
486 8
925 379
599 260
119 385
431 502
790 827
973 410
442 925
259 289
46 273
759 66
84 458
963 697
914 127
214 887
271 398
535 966
851 216
83 530
531 250
951 925
607 47
592 508
373 2
602 685
676 404
696 298
847 717
390 774
544 238
166 894
700 481
648 284
631 731
800 75
53 917
511 329
166 668
885 92
205 543
957 720
796 594
175 535
107 325
219 911
1 368
442 162
758 996
687 424
293 440
129 468
261 575
547 170
513 334
720 662
937 923
759 988
906 902
29 853
111 73
482 28
569 305
897 378
592 894
220 599
683 329
29 119
218 619
200 539
99 751
946 780
708 947
863 107
485 486
90 498
682 786
385 808
412 7
929 939
238 785
95 904
669 937
318 169
891 486
506 457
97 764
521 114
971 30
653 855
456 555
883 836
57 352
43 878
961 806
546 908
364 355
373 219
641 977
995 816
993 486
331 763
373 332
83 330
681 321
331 840
483 929
624 405
758 960
525 289
909 962
490 202
480 364
211 748
304 58
23 59
72 38
401 912
831 390
928 879
62 519
936 734
828 980
210 479
67 122
506 966
858 403
601 691
708 241
676 167
256 330
720 303
132 437
138 866
945 626
161 451
570 865
458 519
864 526
704 999
82 609
347 553
95 863
697 161
742 754
981 794
123 14
727 115
881 94
238 813
705 808
303 749
523 635
284 173
786 235
109 192
772 426
702 434
665 798
227 397
528 958
981 124
657 862
715 160
199 979
222 112
522 512
801 607
711 52
325 905
994 926
649 899
83 699
669 576
327 348
273 375
535 379
131 81
661 396
979 373
46 156
297 394
634 421
549 156
608 712
18 596
660 823
499 329
796 619
28 669
658 516
954 415
41 542
763 724
547 260
842 328
680 355
662 55
918 173
758 556
466 164
165 605
106 79
343 572
396 703
754 532
220 475
114 574
295 395
522 477
261 631
832 733
104 676
860 764
989 393
516 815
561 130
809 878
328 827
573 827
775 163
104 834
86 726
453 877
204 293
65 553
583 100
713 569
678 517
751 81
940 256
68 731
752 700
289 146
103 220
642 662
437 266
384 359
574 837
691 555
910 331
640 264
973 473
690 418
498 955
83 795
100 859
824 119
477 623
977 559
652 789
433 713
434 354
91 697
478 107
190 831
874 788
377 276
259 482
429 942
670 756
765 810
920 483
677 152
313 833
465 858
373 113
453 483
448 595
568 713
416 566
880 107
233 195
240 358
683 648
279 221
856 196
676 343
850 478
740 862
743 361
28 626
505 267
715 648
511 293
22 16
831 794
758 878
799 312
412 832
291 17
720 909
153 80
301 815
139 165
234 109
48 153
176 942
653 436
675 68
145 869
475 250
690 747
484 356
820 766
695 142
534 264
975 686
430 753
440 369
827 367
258 958
703 784
315 563
300 293
410 869
105 139
363 923
620 581
891 385
727 127
241 212
204 472
171 161
621 681
358 849
215 824
294 169
703 71
706 169
358 800
843 832
471 515
370 328
142 124
289 408
807 890
830 41
501 381
708 653
438 379
899 976
402 296
792 672
631 7
201 689
133 647
562 669
123 645
161 928
94 6
369 635
635 302
191 836
622 536
127 90
588 728
19 687
369 662
979 301
541 718
106 769
658 573
110 890
335 175
836 896
179 595
650 588
867 734
870 227
432 85
125 312
822 326
366 178
747 261
784 265
971 905
76 755
846 507
977 376
387 796
848 759
559 978
234 355
368 817
155 885
82 303
559 835
452 333
734 19
517 559
590 111
533 912
626 771
86 964
225 846
865 305
708 813
640 5
750 480
953 66
168 436
756 561
133 968
644 452
989 949
117 990
423 819
503 193
911 110
630 830
605 468
240 263
132 135
530 366
734 726
420 922
596 531
947 279
821 169
89 87
182 948
722 965
450 512
179 66
416 656
870 752
84 205
16 293
199 780
917 929
187 716
574 296
463 171
411 260
912 367
328 929
602 121
3 78
39 820
387 303
524 852
266 676
282 442
974 588
701 812
921 347
316 270
961 583
650 827
16 82
38 804
942 153
676 77
988 175
384 325
605 160
115 813
496 793
794 400
215 350
954 218
771 992
160 157
98 916
157 449
837 367
451 188
769 199
773 250
58 6
404 110
985 881
675 237
785 861
453 743
42 122
907 462
358 684
859 969
841 582
897 212
682 578
185 234
167 910
617 47
643 949
163 575
495 370
722 466
206 707
87 324
109 268
742 746
369 423
298 109
996 4
686 824
708 912
527 380
18 348
769 572
42 86
208 882
338 961
82 855
411 823
213 399
964 585
363 542
548 904
290 904
916 692
131 404
424 682
811 310
528 800
356 409
36 543
381 826
826 665
521 109
523 715
302 446
998 939
462 856
807 659
144 368
215 649
881 105
878 604
423 605
166 360
5 550
545 593
395 598
415 667
773 545
101 802
637 848
257 922
395 106
652 261
164 127
790 159
900 587
666 198
50 834
2 993
483 988
944 346
513 358
140 855
896 541
111 716
646 585
686 297
814 866
67 315
841 768
533 186
793 165
133 588
633 422
137 649
368 889
208 274
940 227
101 439
158 160
487 812
932 911
807 269
935 472
369 353
1 810
209 248
398 852
858 231
234 605
601 575
599 28
964 399
397 570
347 391
527 336
472 884
916 212
275 211
388 82
191 367
734 543
521 56
995 241
43 684
963 623
948 217
75 31
739 244
759 233
100 954
528 923
819 172
285 536
658 18
78 977
781 344
178 239
341 289
71 376
143 543
572 419
147 475
402 487
331 471
875 527
504 769
617 942
599 352
469 589
936 430
24 872
387 470
316 464
558 85
748 435
931 661
642 320
1 584
975 196
121 233
306 365
325 31
701 852
334 359
948 819
552 508
735 597
205 714
225 244
28 785
163 42
389 747
332 723
258 746
921 90
707 553
121 436
47 387
550 773
898 314
223 779
937 984
989 593
926 340
530 933
597 907
275 706
445 654
994 211
335 526
417 149
897 227
510 544
202 881
982 607
940 199
872 277
450 343
488 30
266 752
739 711
280 266
337 815
319 107
195 409
656 933
640 58
608 494
575 953
69 981
762 144
234 704
114 426
42 415
706 166
707 387
502 781
582 961
397 687
751 842
679 217
220 770
208 826
321 125
105 710
234 994
398 235
517 31
166 71
142 236
184 290
226 933
192 893
636 888
32 214
597 807
914 140
588 239
799 782
353 302
26 508
444 67
672 706
429 913
217 335
340 304
465 619
999 768
210 592
801 864
415 480
552 186
787 693
2 135
386 230
560 741
244 854
745 687
27 760
376 454
619 130
140 57
362 249
754 915
187 510
21 162
922 71
962 952
672 540
339 171
790 54
149 950
315 402
559 351
837 505
966 663
148 370
633 380
906 674
798 779
84 588
585 481
692 266
625 992
42 940
315 368
300 863
468 476
945 793
267 245
140 637
955 320
815 984
686 464
300 379
157 286
759 591
975 562
119 428
963 90
11 377
103 727
694 990
492 546
475 788
314 410
100 431
1000 213
195 373
364 612
675 316
833 491
831 32
968 306
76 7
702 215
189 480
66 109
89 180
843 879
757 749
886 899
375 394
730 183
342 817
442 185
895 544
92 819
734 358
627 978
818 645
13 869
587 64
917 831
113 505
199 118
191 746
904 137
52 620
719 500
296 54
830 951
580 814
463 170
254 646
943 252
362 315
878 931
61 347
47 280
608 558
519 978
616 216
31 244
112 492
386 381
206 362
179 686
438 137
650 609
393 536
747 339
702 891
736 160
572 798
422 925
205 355
836 155
90 997
55 289
186 48
426 483
634 946
673 546
585 366
932 517
77 186
95 182
491 275
525 914
584 82
837 640
731 133
452 418
242 970
450 159
233 789
507 466
919 771
59 625
635 990
557 98
581 540
413 783
702 352
209 445
85 354
547 533
824 238
273 664
661 517
994 546
332 445
544 765
801 130
659 28
881 92
348 626
313 472
976 360
904 149
812 518
869 755
449 232
433 675
180 523
661 743
998 936
566 684
18 910
401 30
937 252
683 896
613 591
537 206
605 559
880 498
164 267
130 359
731 992
705 249
201 778
933 473
476 404
495 680
540 301
526 360
190 626
53 858
156 597
902 395
527 582
839 944
608 714
112 441
462 690
175 600
2 537
822 749
197 740
496 951
48 418
614 323
118 530
927 418
984 620
167 617
372 153
162 832
124 586
663 145
931 52
880 668
495 221
120 225
484 322
620 598
167 847
738 649
171 264
870 394
998 351
927 849
539 936
567 494
20 83
666 548
759 902
542 184
856 25
167 941
225 772
48 315
967 586
882 222
722 439
371 671
445 956
114 846
873 801
695 616
537 578
737 468
742 525
428 701
857 469
285 836
229 793
655 63
325 696
877 123
255 571
806 185
521 63
616 251
856 313
458 253
187 553
95 224
778 904
545 899
710 455
857 913
792 245
790 495
847 746
18 463
390 793
247 602
468 165
610 90
135 623
502 396
918 498
847 264
633 916
830 734
980 175
287 193
434 823
572 113
934 616
615 941
282 451
909 806
462 200
634 665
818 252
590 708
828 713
44 216
240 535
896 670
403 453
534 415
447 519
902 339
116 250
284 926
690 697
910 894
379 536
489 456
132 730
447 451
655 558
608 129
591 504
993 601
647 442
81 7
100 293
64 883
953 187
776 130
192 533
371 714
234 61
986 437
474 193
404 842
294 348
69 589
33 198
436 5
293 668
136 217
74 525
695 765
470 393
797 141
949 370
937 282
597 288
725 475
672 217
503 285
749 37
145 191
329 554
973 733
297 4
502 908
99 176
106 668
167 773
969 538
554 164
94 117
667 463
5 748
615 525
236 414
739 497
903 680
665 849
619 871
676 486
382 771
75 90
281 269
814 364
132 921
933 354
41 954
79 918
28 592
286 596
269 666
115 930
392 967
706 88
887 876
250 595
859 547
733 6
148 396
814 953
373 407
623 486
598 960
325 276
608 976
12 291
441 495
742 431
174 459
264 128
182 86
68 89
508 128
702 664
389 297
500 556
157 285
604 170
284 640
413 36
286 934
586 764
793 844
925 137
484 975
342 994
539 779
8 337
940 458
688 307
337 667
412 147
485 483
643 889
679 111
312 39
739 960
8 288
445 853
412 2
200 764
930 771
459 25
243 702
781 556
803 800
971 130
256 68
856 322
394 791
71 29
626 340
113 367
350 108
140 410
932 520
434 187
397 5
368 187
924 314
443 824
739 436
11 540
838 483
216 840
537 628
535 449
538 295
114 885
95 294
843 392
607 435
790 241
206 504
895 500
533 593
550 529
965 545
444 420
230 93
693 795
60 969
783 949
861 85
497 706
650 622
63 567
266 791
839 642
66 540
900 774
263 70
345 679
78 67
872 688
176 314
729 925
785 851
935 673
276 34
315 524
974 749
289 26
552 896
437 386
76 326
828 821
831 246
877 729
507 66
125 788
722 611
655 181
900 449
848 21
118 491
179 277
821 206
818 580
635 29
853 78
800 54
817 1000
32 160
795 637
56 294
169 9
408 975
208 545
905 413
948 485
770 517
753 891
395 818
957 81
407 112
853 416
620 493
468 130
217 390
550 448
828 226
939 827
734 12
148 759
130 390
831 34
754 845
620 147
527 577
452 813
92 340
255 184
644 675
774 758
960 200
409 118
802 743
527 758
913 710
844 858
957 533
504 419
286 319
107 270
897 842
310 417
288 796
338 101
708 284
915 666
440 634
737 228
392 977
284 955
530 959
380 812
971 851
328 943
898 455
868 553
315 699
745 162
928 654
158 23
107 957
937 976
725 785
524 412
105 172
252 197
270 540
825 875
898 745
968 394
333 388
445 586
156 387
854 750
967 581
364 542
20 178
42 278
761 982
104 99
929 118
358 936
252 427
270 318
974 830
369 65
51 397
712 497
606 799
278 881
781 739
138 615
527 451
757 747
973 414
270 74
223 24
410 425
338 818
726 97
999 473
378 211
251 323
553 749
819 174
88 932
558 521
357 803
766 876
443 755
886 5
49 664
234 190
435 343
370 405
286 750
144 195
793 730
387 361
649 670
923 299
653 126
250 461
976 643
880 844
230 394
68 305
766 296
714 463
165 565
386 290
707 666
559 741
600 490
547 293
14 810
914 780
774 508
751 441
894 95
590 884
737 256
955 201
858 564
972 524
737 369
149 227
997 943
335 520
654 916
896 136
276 218
661 233
394 316
358 965
199 451
56 819
589 119
748 875
848 447
977 221
579 33
483 148
981 765
858 104
553 926
94 574
725 760
321 194
857 304
323 396
109 99
517 140
167 263
320 390
946 582
449 38
627 926
217 2
53 428
828 549
227 121
763 27
341 481
624 707
18 68
863 44
829 396
152 770
248 727
285 697
191 611
909 308
397 480
148 986
826 974
558 549
351 873
64 185
429 911
749 326
486 715
260 780
563 62
835 805
235 969
829 223
121 26
965 783
123 996
472 784
990 338
583 22
885 88
173 172
301 503
106 849
801 983
554 761
171 919
494 794
157 728
345 936
235 268
842 316
71 674
311 83
119 874
373 406
33 603
253 224
390 155
55 430
862 586
612 825
793 65
872 966
979 874
193 929
837 392
662 365
495 20
613 465
542 983
637 459
290 76
474 273
232 950
20 933
537 245
8 997
371 907
211 562
910 970
432 773
333 392
567 465
938 499
974 461
870 290
11 379
318 292
569 309
475 37
25 555
744 333
601 708
200 543
220 962
77 839
722 636
480 895
544 612
941 926
526 564
543 638
786 993
442 462
697 74
152 721
262 618
66 107
985 327
696 910
824 67
900 248
848 185
917 570
26 653
133 215
924 230
651 614
178 960
658 438
476 765
238 900
666 861
612 177
61 917
616 308
155 464
281 443
144 591
627 62
792 703
297 103
388 330
299 913
434 184
259 560
188 16
312 612
369 597
904 936
120 557
482 172
838 337
267 285
752 18
292 445
945 413
502 346
338 244
491 215
157 922
417 821
325 68
662 973
995 596
241 922
159 648
685 373
244 219
945 200
784 74
989 159
862 663
392 883
335 250
893 867
163 228
334 127
135 122
375 657
713 342
322 93
401 916
474 322
990 563
149 170
37 417
506 851
720 83
971 775
940 250
264 619
341 515
570 11
661 176
313 34
367 211
205 212
78 354
63 202
564 557
935 141
17 716
143 162
953 242
489 562
947 668
695 518
110 34
55 999
958 204
542 399
104 151
507 50
91 947
113 95
994 544
367 550
100 163
446 435
709 90
30 562
14 215
255 513
806 147
297 762
256 539
331 113
350 815
407 316
347 588
670 482
587 256
71 115
623 454
717 957
961 75
701 169
971 62
829 436
784 603
341 266
9 541
914 210
623 676
304 688
891 724
13 24
566 972
880 67
177 439
421 307
188 2
301 285
641 896
897 574
166 585
261 959
353 54
73 358
73 87
563 788
178 266
767 220
839 579
272 203
236 532
943 274
96 126
206 247
143 559
512 544
2 798
115 187
408 217
559 550
963 361
291 292
168 697
310 3
297 987
634 980
642 961
402 602
510 523
404 508
189 866
246 893
265 709
798 196
986 300
368 971
981 631
263 472
950 306
36 640
523 300
925 660
446 77
922 580
112 854
833 465
800 774
428 703
30 671
678 795
147 929
630 544
5 67
743 963
778 709
360 357
308 404
114 359
167 499
886 969
43 673
765 880
514 666
497 921
554 63
95 93
740 262
173 643
299 584
69 562
787 847
239 902
95 226
649 850
766 877
415 747
566 825
606 250
532 761
572 446
648 406
244 607
574 334
856 89
31 539
736 703
350 327
596 155
245 51
417 962
684 966
166 629
867 456
207 107
373 159
620 240
13 286
325 28
552 80
476 152
206 305
170 779
944 746
339 144
641 654
662 100
849 547
278 893
796 762
709 55
267 492
984 586
876 552
1 152
916 115
793 100
598 933
427 3
570 382
382 304
883 237
77 286
128 740
390 389
581 926
530 928
578 948
542 779
907 442
871 965
674 387
72 497
85 526
209 72
219 403
42 376
371 716
851 726
18 385
327 649
898 893
406 888
243 390
357 412
445 990
265 40
263 589
378 419
23 135
673 20
748 552
952 93
610 585
384 537
904 192
262 542
178 989
986 836
164 536
420 610
939 326
925 743
123 443
605 883
788 789
902 729
416 648
886 247
562 665
826 958
477 160
643 967
724 389
670 871
231 151
17 165
593 874
633 965
761 140
66 746
895 77
24 991
878 885
862 414
942 19
504 254
124 831
286 602
359 128
400 969
621 659
687 454
766 325
986 48
970 886
666 79
132 301
98 541
192 474
249 671
729 741
676 932
804 241
550 981
205 380
277 95
225 390
742 429
64 516
141 640
789 244
266 961
479 754
978 207
944 67
854 986
729 903
324 493
348 158
498 424
489 315
290 444
163 950
755 48
923 912
103 720
345 404
437 428
275 449
354 602
774 241
284 305
698 259
419 894
976 97
351 456
124 167
330 546
872 161
101 395
485 626
806 372
477 546
848 186
264 27
925 346
142 92
333 520
826 641
296 396
494 627
451 340
264 234
763 38
695 993
605 107
260 894
734 523
202 173
403 910
188 392
745 989
524 58
325 801
302 243
169 713
554 952
689 919
504 171
585 838
126 294
701 808
98 735
721 487
784 60
417 677
55 239
962 923
339 328
675 290
591 242
54 813
383 691
556 487
817 21
924 98
116 146
497 593
41 21
361 34
436 532
508 303
756 93
401 931
36 826
402 535
581 854
878 719
570 409
54 254
516 967
814 548
394 147
877 592
159 401
96 415
59 517
703 852
280 214
627 454
555 357
632 432
138 879
266 312
214 210
859 235
402 936
294 154
459 866
850 554
636 511
34 703
308 2
221 895
584 529
518 292
100 819
265 322
322 277
956 724
244 678
320 382
964 875
971 49
844 257
518 582
83 721
692 893
674 390
559 225
740 577
178 86
752 63
291 909
165 940
611 244
5 947
984 418
953 325
589 969
975 625
850 503
575 998
282 123
718 518
781 853
425 593
727 716
838 239
624 295
127 892
845 641
707 672
120 6
941 668
196 443
72 873
948 970
310 423
186 241
547 152
56 733
777 643
426 563
813 69
194 567
410 616
485 20
620 593
548 310
567 122
915 525
453 566
205 405
262 100
121 766
447 114
823 797
955 397
929 298
821 364
73 972
129 930
404 364
502 539
582 831
532 798
869 417
122 550
375 184
565 920
90 56
237 183
788 185
792 316
332 77
812 711
946 721
764 72
88 537
446 867
837 788
217 955
937 402
652 899
605 298
422 181
260 16
329 768
412 507
341 459
625 112
271 432
517 72
520 484
522 606
227 428
946 386
735 12
602 723
565 461
79 903
550 403
678 467
112 107
978 898
761 370
559 163
812 523
758 285
745 806
637 880
240 670
740 859
732 987
318 116
698 69
258 452
921 316
101 548
482 550
671 872
158 693
857 486
514 181
219 953
314 991
707 668
210 92
554 523
917 409
66 46
448 925
980 511
304 104
712 885
894 93
789 223
223 887
613 443
975 260
478 996
580 180
546 484
693 627
50 727
786 823
141 748
750 124
77 238
189 788
336 296
46 603
395 353
788 392
48 331
252 235
346 96
698 509
973 5
21 648
439 745
637 248
631 267
659 266
734 818
648 313
354 550
543 644
378 416
582 938
548 750
169 907
887 225
651 751
622 118
345 202
18 160
536 797
185 369
228 305
933 858
934 493
826 746
958 487
869 520
717 580
22 538
725 73
230 921
302 506
165 2
296 207
575 715
196 936
732 746
33 616
645 409
39 538
540 225
568 746
37 169
774 914
921 510
226 370
999 141
325 110
473 667
934 12
301 501
374 725
395 880
947 447
715 683
166 737
116 404
542 680
65 37
687 449
763 679
771 890
441 387
942 241
391 21
112 576
552 363
764 767
186 169
278 649
797 919
923 708
766 36
271 624
1 20
590 854
719 886
171 708
10 202
393 706
90 956
567 418
570 386
54 19
864 171
607 941
741 379
445 686
651 79
964 158
233 940
988 772
350 757
828 957
902 92
564 587
436 966
458 666
366 3
994 824
738 942
566 152
939 567
550 879
185 435
78 550
389 89
338 646
229 922
930 367
489 997
876 711
326 394
688 389
618 586
178 623
360 854
513 558
960 283
276 572
479 87
890 458
655 112
271 379
919 447
299 514
999 749
393 457
506 66
658 455
342 932
806 87
282 979
392 530
17 102
37 107
934 235
998 374
351 847
118 78
568 279
292 447
256 12
995 888
620 27
624 94
198 65
870 326
439 425
151 469
581 384
486 972
947 362
457 218
362 217
664 739
58 702
79 228
656 7
469 980
128 928
992 175
371 218
263 50
46 326
16 885
571 82
134 660
557 91
922 488
851 450
195 166
196 245
436 644
733 954
458 988
898 401
647 110
758 118
509 715
717 486
306 202
603 451
415 316
366 31
349 851
963 971
855 233
879 231
975 979
593 442
280 501
712 472
948 522
807 987
76 39
939 227
427 407
639 792
211 894
588 202
795 434
494 413
942 495
833 277
101 647
375 362
303 249
843 924
381 821
365 336
517 83
723 706
393 485
144 941
161 513
770 657
915 360
480 840
994 499
189 83
942 659
672 115
657 225
714 786
930 823
843 250
222 418
264 485
606 175
292 467
370 943
277 609
705 366
853 286
122 264
763 513
69 144
841 207
788 962
649 729
704 81
795 266
605 239
988 281
275 862
215 719
990 443
849 709
685 343
745 500
243 603
975 434
600 384
158 888
2 796
996 530
608 660
428 230
221 75
487 581
385 317
814 726
949 821
131 692
826 32
59 691
206 774
218 359
708 76
254 562
167 937
650 69
686 639
364 537
962 13
1000 371
460 4
542 94
47 612
653 274
488 453
880 963
660 909
501 577
483 202
177 895
911 60
200 680
55 890
973 467
796 332
609 794
891 182
804 839
877 119
283 208
355 41
35 787
1 903
626 264
739 251
109 15
325 966
148 961
882 753
829 470
5 756
171 920
246 72
193 380
781 339
378 944
456 538
482 850
579 672
49 669
50 430
748 25
61 876
771 466
891 611
844 923
793 735
785 323
533 549
10 610
126 850
310 273
849 545
997 633
323 646
720 786
918 835
166 932
281 190
216 466
418 993
665 32
922 433
832 559
370 377
427 898
126 664
254 991
536 418
936 668
64 887
86 756
12 751
828 777
651 768
757 679
284 303
342 477
234 698
860 410
128 323
669 188
281 875
302 831
53 151
146 347
700 854
4 845
556 786
482 323
526 974
525 683
534 825
117 629
959 804
122 797
393 323
532 458
256 709
422 214
467 459
382 730
237 333
700 555
23 310
939 457
839 48
307 419
532 552
494 695
282 879
212 492
326 28
611 125
679 536
866 97
973 827
723 781
710 182
657 58
822 796
573 102
300 526
636 714
16 477
568 602
788 779
457 61
300 925
62 836
46 73
667 402
676 192
625 552
928 786
819 760
234 56
713 443
254 63
805 949
771 893
417 86
529 947
988 112
291 483
796 787
317 965
256 71
898 394
544 810
64 804
570 114
259 825
631 180
160 914
845 490
971 634
533 479
494 53
928 407
674 135
109 290
271 55
886 762
997 307
571 584
184 118
807 54
143 217
9 77
108 749
493 933
167 23
173 807
215 568
697 297
492 227
939 420
744 780
982 282
790 585
293 111
739 51
136 422
65 448
818 702
856 501
950 737
412 339
255 477
765 360
203 382
353 333
117 284
524 620
507 708
623 754
165 950
762 82
982 599
487 15
144 255
45 281
827 914
274 622
939 864
745 765
505 340
272 83
476 211
443 26
600 135
563 829
766 276
788 926
182 357
500 72
895 321
646 615
115 819
81 903
79 148
395 125
327 894
474 734
242 658
277 113
98 942
779 467
745 577
504 361
620 623
967 893
401 905
606 558
348 298
722 27
888 207
561 159
745 202
671 214
387 732
167 823
594 481
264 622
907 452
341 512
42 687
557 380
464 85
7 863
122 657
555 359
81 476
765 362
275 76
581 145
152 641
987 338
604 607
40 674
129 663
21 929
726 238
602 40
497 471
731 324
824 98
971 213
735 372
815 428
374 180
781 588
998 978
480 495
400 425
199 59
293 434
114 721
922 546
855 512
943 456
71 253
146 212
555 153
478 1
481 291
652 590
635 398
696 378
296 136
316 91
874 733
781 191
762 583
822 853
291 911
398 625
993 780
939 831
745 840
373 23
357 690
141 177
714 245
400 117
628 531
294 826
760 395
671 737
732 978
292 178
258 510
5 851
83 15
448 912
505 737
432 60
850 403
828 435
187 61
206 331
288 952
607 689
477 396
980 485
139 15
800 95
935 611
8 32
112 788
105 118
845 882
385 316
258 546
850 968
33 354
709 142
396 916
751 376
254 928
516 933
812 12
996 369
784 347
483 414
335 673
584 115
893 215
345 417
474 71
789 780
778 31
319 125
272 936
935 423
12 63
544 560
68 706
697 22
91 867
973 671
378 509
267 764
125 512
257 781
596 883
712 819
530 289
329 672
993 195
598 48
564 64
734 656
238 579
498 660
743 674
744 836
212 346
58 230
715 69
773 877
672 400
285 643
142 308
827 764
556 352
23 499
207 342
482 851
389 741
448 175
196 965
568 720
952 623
754 647
666 293
487 87
595 984
248 379
357 551
766 733
969 445
956 173
614 401
1 656
504 84
359 238
474 628
970 849
865 109
116 33
780 210
638 362
529 982
125 301
624 468
888 41
64 571
926 719
214 749
200 43
385 239
720 391
255 623
484 852
572 690
962 530
556 94
501 858
993 338
181 47
733 530
411 590
609 556
963 45
377 780
46 827
23 117
458 759
521 275
33 217
933 614
172 516
268 971
895 724
108 650
125 548
237 42
55 857
276 538
748 412
428 813
485 684
489 809
165 302
536 910
477 588
4 108
99 38
599 397
929 737
71 52
131 355
98 242
265 745
472 483
880 416
682 378
169 69
21 200
444 89
709 579
969 750
342 632
970 177
273 167
757 855
28 399
793 654
697 968
718 674
247 470
154 469
522 986
348 771
774 803
991 571
575 824
46 78
177 173
16 124
248 171
224 128
457 415
953 685
291 50
439 154
577 573
427 690
803 175
331 898
643 866
615 178
339 399
875 705
515 496
239 174
703 607
595 190
832 540
906 831
500 698
798 353
729 900
750 542
767 580
942 119
55 328
132 699
46 424
277 150
962 630
375 50
251 741
986 368
716 553
349 988
82 697
492 536
76 351
96 613
557 424
704 868
753 198
800 611
986 402
881 328
932 860
682 907
790 845
630 845
521 271
116 671
617 342
212 990
45 53
674 247
699 760
808 829
184 119
77 724
596 836
192 514
564 282
226 862
844 58
829 714
208 796
778 664
393 382
476 653
660 676
700 601
882 852
995 15
526 197
661 729
506 64
1 974
903 343
368 33
334 890
374 75
840 987
412 684
517 287
614 797
26 474
672 472
785 95
860 993
353 644
244 914
227 708
748 98
718 702
40 33
520 875
938 518
907 769
842 122
473 757
222 984
619 100
966 459
453 172
757 510
760 334
318 874
706 780
582 251
726 574
362 86
533 973
68 198
833 178
266 784
304 163
124 572
604 502
626 666
860 869
7 43
998 218
727 504
932 700
559 570
722 24
225 528
660 294
183 411
426 380
744 399
51 873
582 583
117 649
738 710
700 212
995 895
648 757
993 644
354 650
336 385
446 202
301 701
697 136
206 315
937 665
39 73
242 87
206 714
357 358
795 644
929 990
289 383
734 923
772 380
707 321
178 529
307 847
234 917
42 224
631 166
755 949
209 593
905 433
947 799
38 124
886 784
924 117
526 161
880 409
74 288
60 371
723 693
136 323
619 516
221 288
467 224
259 172
425 692
546 936
411 505
879 796
681 395
442 401
192 200
836 545
304 402
395 813
309 943
145 710
809 367
573 286
97 77
116 351
226 427
154 188
250 549
88 440
55 204
650 956
824 903
110 676
491 610
883 356
847 193
79 363
393 574
980 486
729 802
861 293
720 711
521 826
119 735
548 305
163 789
348 271
242 774
319 158
183 511
632 241
651 905
279 968
798 200
784 791
773 502
422 748
849 16
333 447
6 495
356 96
30 481
897 442
560 483
682 980
995 280
578 272
105 578
18 187
381 757
720 33
212 645
873 581
123 34
720 620
381 870
75 391
646 456
243 893
464 638
928 45
749 59
364 991
157 912
204 880
355 228
840 900
126 673
17 403
550 7
113 298
921 709
244 564
78 984
959 625
285 642
952 897
58 816
865 416
924 383
885 822
925 978
896 948
126 387
197 514
572 297
790 336
793 556
188 34
524 644
836 758
359 11
757 148
940 596
143 50
889 4
562 418
325 24
483 912
412 817
605 241
224 84
956 153
577 592
542 706
211 334
448 620
987 433
624 469
111 745
594 245
991 885
813 21
870 78
928 961
157 529
570 378
399 596
349 725
647 146
319 861
600 525
214 605
107 527
860 199
399 453
612 608
793 138
833 885
778 222
944 42
746 234
797 236
292 762
774 162
225 713
725 816
923 904
711 765
15 314
915 776
219 407
592 651
893 533
175 530
640 49
125 961
237 775
347 331
973 147
5 129
982 163
855 147
837 868
914 734
180 409
401 412
630 657
385 731
425 278
29 140
639 845
105 574
416 63
610 581
761 727
43 880
65 216
797 135
252 682
713 904
74 646
679 167
203 118
482 419
49 844
604 32
392 34
455 404
277 852
813 770
189 40
317 83
156 983
430 306
178 827
514 673
201 746
165 15
779 783
310 18
892 600
107 240
749 321
109 930
667 114
669 512
657 56
741 639
832 34
317 934
639 231
128 697
550 668
697 824
628 596
847 490
297 458
131 617
123 872
141 329
895 478
700 216
520 942
870 776
11 805
638 308
451 426
111 668
239 459
776 647
756 857
229 732
577 941
637 341
766 43
45 238
966 537
131 265
324 962
280 32
335 634
232 313
803 396
586 516
239 30
920 240
263 382
54 129
621 601
152 231
746 337
531 647
987 89
589 133
189 535
483 294
690 776
218 57
881 335
111 310
613 912
100 37
941 921
359 856
233 604
270 251
471 590
811 437
316 525
388 130
482 357
140 632
90 959
695 735
386 639
521 232
282 572
947 770
285 951
628 777
830 205
796 37
623 529
943 310
907 836
469 313
970 496
151 131
515 729
302 277
801 586
843 211
311 601
459 714
778 842
709 550
212 2
250 189
641 782
126 584
291 917
774 994
98 505
207 265
796 890
671 638
374 362
395 947
503 690
396 72
70 115
416 630
933 447
274 620
59 270
481 80
335 117
541 682
563 910
70 130
58 714
221 110
776 581
740 798
174 156
415 82
163 397
594 923
611 523
444 418
672 901
180 840
128 931
680 368
390 295
727 522
196 466
358 626
150 487
817 154
12 508
361 38
752 95
210 325
341 669
945 842
129 809
681 772
12 657
688 24
419 714
907 454
690 970
674 455
513 67
841 590
953 132
95 399
543 315
600 995
381 398
509 697
882 181
223 511
247 485
319 936
105 468
158 366
806 426
385 658
481 869
777 176
543 601
359 892
633 983
347 281
268 908
714 684
532 285
91 551
227 39
744 987
545 158
277 795
39 652
613 743
504 527
265 727
895 115
47 584
313 707
726 825
44 792
631 884
989 768
231 330
273 366
600 210
939 817
465 902
447 818
268 423
415 272
272 34
330 248
80 783
905 754
176 718
432 344
822 629
35 261
953 778
456 302
53 980
386 169
45 932
233 412
370 543
747 978
659 969
235 459
612 879
921 70
723 462
462 102
634 767
249 882
214 711
827 124
569 549
702 715
137 689
854 476
582 177
844 197
798 201
262 619
642 589
424 818
719 585
797 495
526 727
391 546
881 646
423 141
542 93
837 911
787 406
916 370
998 658
565 21
397 643
751 830
221 863
539 614
389 815
925 365
263 778
985 386
658 360
511 650
57 919
578 51
173 877
853 251
891 56
928 46
235 700
19 335
421 111
454 233
882 748
810 337
777 360
62 482
799 751
873 376
450 576
607 66
679 176
151 56
689 753
688 908
230 723
567 752
786 377
72 174
683 643
49 739
819 451
303 722
343 897
126 275
201 952
934 528
477 91
727 895
508 695
70 202
71 551
365 774
387 764
210 969
331 959
413 612
805 926
495 792
541 948
176 968
624 470
456 40
239 295
349 675
551 341
376 255
768 699
646 700
349 724
822 413
113 589
168 666
722 225
355 536
508 234
764 795
438 476
508 89
539 951
756 695
993 707
781 974
375 235
252 86
310 626
578 706
426 87
906 349
800 712
341 792
472 937
896 287
935 218
313 319
322 183
469 68
695 762
790 838
682 183
935 171
424 731
406 607
445 187
781 513
584 557
834 352
327 59
60 470
186 777
117 739
136 62
623 517
735 223
807 706
759 197
418 241
946 418
394 973
930 779
424 392
944 847
743 593
722 186
867 269
209 971
35 511
109 562
357 712
139 397
667 384
247 660
594 549
5 792
357 601
619 122
961 867
359 191
185 680
2 14
672 506
978 279
906 584
410 283
197 177
969 40
251 661
590 696
371 194
136 807
567 152
71 809
275 520
993 629
174 466
638 23
864 48
516 857
75 989
928 861
727 327
712 996
113 617
798 246
160 550
823 833
347 136
556 60
595 926
137 346
500 602
964 297
589 132
937 675
367 790
321 390
878 162
492 425
226 541
542 405
360 203
837 839
668 475
769 383
971 298
666 820
574 917
460 301
728 485
375 386
912 668
568 78
750 186
492 222
644 227
223 94
744 783
636 805
736 561
766 647
592 323
331 169
226 65
890 168
653 764
844 900
921 353
226 48
279 62
726 653
143 420
723 813
231 545
481 486
925 921
325 189
4 646
218 783
302 834
666 283
334 645
176 547
823 451
400 923
753 515
790 136
701 803
444 460
344 584
334 423
888 214
541 971
509 131
102 18
845 344
918 782
741 697
188 559
653 499
896 296
823 903
914 993
790 904
986 710
646 644
388 668
577 825
802 158
909 730
254 907
721 854
11 268
551 910
278 424
773 400
276 152
741 492
669 351
397 956
164 921
401 569
539 623
924 947
878 190
806 427
40 636
830 317
19 84
384 599
919 761
42 95
373 559
948 95
566 410
968 693
825 268
916 701
477 513
459 58
556 612
151 960
412 492
341 50
658 404
880 268
518 298
477 690
243 784
635 18
856 293
804 489
52 810
751 616
610 876
57 596
528 967
179 169
454 29
138 344
592 446
5 557
635 368
908 946
566 713
153 951
540 293
525 183
141 174
16 884
718 664
735 858
525 8
373 310
121 325
323 513
729 518
64 523
721 689
453 142
754 979
205 733
153 66
541 943
712 719
367 313
376 228
744 888
823 122
917 497
323 972
306 642
879 323
208 380
300 420
391 895
175 932
583 168
73 614
111 26
174 672
793 349
483 387
560 944
201 393
976 768
958 944
461 328
617 242
379 195
164 957
203 913
403 51
61 531
262 778
971 404
683 24
77 777
555 525
497 82
764 69
412 210
394 613
52 121
200 684
511 548
460 230
722 721
284 20
875 431
114 353
510 459
464 624
913 317
491 329
421 110
188 367
351 237
834 217
790 628
421 511
541 478
674 737
329 272
936 264
972 510
633 657
608 241
738 31
900 754
135 615
136 607
249 58
675 562
568 578
553 146
408 639
407 883
123 846
202 339
993 36
336 993
392 979
340 709
567 774
168 227
166 841
776 749
546 187
23 17
953 519
506 864
516 727
900 822
280 855
581 503
889 981
263 118
766 13
470 606
72 25
642 157
720 677
793 31
741 753
817 161
980 619
177 322
380 847
417 307
534 262
2 623
646 844
432 924
465 79
187 411
730 757
729 990
513 25
492 672
464 129
724 743
716 644
157 162
216 738
626 789
320 832
467 915
878 135
950 272
114 80
371 579
692 335
765 303
489 524
952 500
200 633
826 405
171 121
744 118
488 168
730 41
240 277
497 442
388 63
651 627
897 444
455 1
981 73
449 168
146 136
277 850
169 57
703 444
635 474
312 958
472 486
383 240
425 569
282 875
445 269
800 228
784 665
144 888
254 365
991 262
785 328
622 550
610 118
170 857
170 951
64 94
762 173
871 381
122 332
932 199
607 327
990 341
404 536
353 112
740 868
219 619
127 930
274 184
676 83
948 792
521 918
847 10
666 508
500 999
874 212
894 19
732 218
515 356
240 435
390 456
894 98
864 49
37 889
67 506
26 786
802 891
54 20
845 823
521 705
281 125
154 694
587 832
347 139
385 490
116 964
890 787
745 12
696 712
160 212
152 314
134 382
816 865
891 423
806 396
419 868
941 919
601 638
554 332
777 235
30 729
16 211
330 703
958 53
229 615
583 856
685 156
397 347
717 914
129 404
99 71
687 846
123 349
866 319
190 765
653 763
378 901
674 694
18 818
758 480
575 746
465 783
434 2
623 766
457 483
700 297
149 541
847 682
411 952
106 922
804 351
515 357
718 701
133 277
666 280
978 726
575 968
356 946
729 440
343 584
199 548
936 254
776 583
317 569
211 42
33 798
30 598
880 609
571 282
793 772
997 556
227 820
512 940
559 666
232 633
193 789
214 697
793 38
810 908
10 280
175 786
92 140
929 407
395 351
345 728
788 478
845 219
827 304
99 969
58 107
33 459
141 896
842 799
302 445
773 415
901 746
884 438
640 76
283 293
398 364
937 670
744 144
356 222
251 992
52 247
878 191
402 930
868 113
523 406
670 203
319 827
972 23
379 573
282 822
857 369
592 2
389 858
605 772
877 31
56 447
947 56
743 698
725 411
433 555
89 441
986 937
861 555
283 489
856 469
451 923
342 564
92 927
826 897
857 813
734 101
239 841
487 47
969 308
329 85
413 749
909 168
344 950
164 97
573 283
174 190
231 955
608 690
738 461
166 802
150 167
45 51
600 278
609 88
558 403
908 326
79 847
401 984
628 467
349 718
48 71
820 749
413 849
884 244
6 192
182 619
102 793
234 417
536 331
260 624
242 916
632 244
48 421
86 749
548 530
141 932
346 150
264 669
726 445
195 423
988 695
766 592
203 912
185 125
939 36
937 412
1000 22
527 309
424 778
787 408
636 324
956 99
315 895
881 656
312 999
789 603
460 231
902 970
981 963
527 459
180 166
878 437
520 283
792 544
545 184
987 23
717 602
991 15
494 557
904 9
834 214
485 918
587 434
57 631
97 930
403 607
387 34
430 388
982 689
839 216
696 282
429 820
710 335
982 544
849 850
218 853
536 295
297 322
889 408
616 672
176 541
311 161
296 902
261 924
387 337
358 196
227 950
399 770
548 737
188 771
31 183
898 238
476 6
956 280
280 809
23 947
440 943
296 563
336 512
638 249
34 347
987 291
903 172
341 738
710 565
918 18
457 721
337 123
138 124
517 560
58 183
115 442
972 15
907 256
51 674
967 656
417 28
881 727
897 362
989 644
812 387
302 977
159 740
95 762
498 240
688 256
213 363
621 670
414 562
705 662
869 336
707 397
530 494
804 785
181 852
181 894
844 18
766 413
483 999
851 938
212 676
494 606
616 192
268 415
207 528
970 298
714 325
649 887
528 512
529 473
147 138
928 690
363 143
718 823
259 88
463 216
709 720
144 566
20 143
240 801
425 753
753 613
311 133
59 340
331 715
280 615
157 831
434 365
13 315
747 208
641 739
290 777
866 702
608 752
135 249
83 184
945 53
158 810
324 54
576 526
552 337
664 939
48 172
276 305
813 118
101 401
563 627
513 346
950 177
557 113
888 184
542 991
441 886
196 159
309 344
112 902
996 422
68 977
470 837
740 318
272 726
497 793
632 300
959 387
737 304
711 738
858 306
436 972
739 749
866 673
176 385
820 716
769 700
302 860
88 552
750 94
329 770
732 16
994 532
3 763
632 633
195 669
434 511
772 299
97 671
39 276
960 539
964 751
311 692
132 25
717 371
464 569
691 266
52 848
143 699
921 785
555 588
304 829
457 273
95 291
904 848
245 210
895 776
967 367
468 72
593 830
107 110
952 555
148 740
95 449
297 410
46 255
601 420
936 12
680 85
663 116
983 667
254 461
989 102
921 254
932 474
77 509
519 746
889 803
869 880
738 520
41 712
353 750
651 131
229 403
376 825
324 441
56 695
170 539
980 595
499 181
465 5
765 146
489 399
720 509
737 433
923 873
238 509
797 264
967 616
565 796
590 193
16 711
266 291
824 265
551 238
316 701
431 348
719 365
317 325
985 427
867 555
678 838
34 823
791 573
152 932
873 766
434 370
919 473
578 93
263 525
907 869
566 698
880 413
277 649
829 460
957 247
557 989
687 978
374 427
127 289
37 9
956 817
98 41
740 584
389 652
799 645
106 620
36 887
476 366
813 617
545 735
88 158
314 736
166 694
460 870
780 453
144 111
914 639
996 939
631 516
64 310
430 805
537 377
172 292
211 438
568 885
243 602
59 122
991 797
906 657
444 560
121 421
400 566
636 3
333 200
315 325
888 129
559 558
565 557
909 619
513 130
676 842
733 871
241 617
771 598
591 377
527 710
929 434
927 859
622 90
197 570
827 351
281 631
394 190
68 809
982 20
781 85
704 817
869 89
821 486
380 122
237 799
73 838
203 915
220 531
575 139
13 654
30 372
380 233
293 750
506 382
337 730
670 292
655 144
878 459
78 659
428 838
747 145
847 809
4 117
706 123
798 539
877 2
350 807
209 706
174 684
696 172
112 19
832 316
189 113
597 116
304 709
469 481
662 560
779 884
959 706
286 836
291 942
218 850
934 26
539 84
396 19
382 892
922 967
575 771
413 752
657 370
586 40
839 910
700 48
222 916
961 516
154 910
415 23
453 352
71 689
205 283
145 208
634 687
637 732
927 392
549 390
552 374
832 715
849 436
611 725
372 199
564 937
874 1
413 899
675 112
346 422
275 606
940 916
23 656
788 288
662 457
7 252
77 262
224 660
502 118
693 286
824 483
487 837
660 73
863 962
759 749
704 797
190 312
617 236
981 531
266 360
33 99
472 573
128 345
973 143
591 736
775 409
137 29
8 824
973 352
228 425
270 695
563 336
939 289
78 751
544 319
392 60
321 74
490 835
750 157
695 868
330 744
8 108
282 599
744 790
564 33
325 531
491 311
200 936
761 565
632 939
264 325
328 777
936 343
939 604
728 586
562 657
119 572
839 191
307 470
979 583
75 786
472 436
577 500
946 302
502 375
531 487
109 559
457 288
149 616
421 755
555 401
178 488
783 645
715 723
899 408
684 930
645 676
672 488
207 87
407 657
144 439
883 514
130 246
921 225
926 626
974 672
55 48
478 681
83 187
803 82
628 485
24 267
757 263
315 284
44 182
644 902
484 445
926 300
103 405
395 860
381 19
112 808
846 455
334 155
7 83
621 829
766 518
975 662
669 455
82 291
136 693
732 361
626 932
898 567
756 359
738 822
941 755
660 89
780 567
399 251
370 121
560 393
725 577
981 567
29 74
600 954
793 530
294 374
479 190
964 362
526 424
643 752
60 518
521 236
939 269
943 333
412 395
507 783
200 885
452 729
805 317
302 281
92 352
805 398
473 941
183 622
347 900
41 81
739 390
614 790
26 295
464 856
249 150
930 925
588 865
59 405
296 33
297 264
117 407
390 991
6 688
545 562
344 813
348 845
205 980
170 937
724 16
178 596
549 187
535 72
882 452
461 571
279 398
118 658
176 693
339 227
233 420
487 491
443 45
201 198
115 825
581 60
283 873
358 495
489 108
642 208
477 467
704 409
708 433
528 215
840 201
604 98
922 499
995 296
802 521
971 830
509 851
475 943
337 408
523 93
580 26
229 116
485 218
767 756
652 81
683 77
294 432
205 203
885 665
217 645
949 252
857 271
698 444
761 960
501 709
981 715
128 854
932 893
203 839
825 160
844 196
961 288
428 867
694 578
915 403
240 351
847 852
593 349
636 213
543 891
838 633
776 90
338 727
598 153
838 648
769 859
919 329
688 789
912 409
621 169
182 799
57 714
496 486
95 262
628 442
874 711
781 185
486 641
487 216
434 36
438 548
495 141
204 702
257 918
802 650
268 50
127 919
255 162
599 523
131 890
461 735
580 555
304 358
764 316
399 857
951 412
983 936
405 488
427 608
942 515
598 807
656 90
784 175
968 348
714 288
510 199
137 987
428 78
304 68
383 556
884 71
479 685
581 929
382 364
935 750
571 983
395 381
489 362
806 665
190 722
94 814
884 404
871 702
961 166
588 432
254 644
33 671
777 296
557 491
155 599
375 176
713 693
702 267
5 57
869 314
522 416
967 861
829 668
151 624
63 324
636 138
929 878
398 27
754 253
477 610
973 605
901 128
812 103
861 668
769 822
204 877
5 364
192 877
585 714
622 815
473 884
350 822
403 609
960 354
133 456
630 273
999 899
196 956
462 201
342 598
457 296
754 558
852 167
744 616
2 260
828 152
762 148
727 906
247 732
231 251
698 10
179 932
474 860
810 526
150 103
44 542
68 404
766 711
141 288
968 194
165 682
116 440
816 478
897 819
662 125
184 940
224 105
281 22
338 33
747 135
676 905
2 840
921 38
874 549
267 116
721 753
668 920
686 337
233 47
141 740
703 694
389 314
7 255
854 550
67 400
927 830
416 392
327 610
612 764
358 525
786 562
161 164
495 329
150 892
926 141
855 57
802 423
143 237
147 230
534 982
501 701
545 399
15 39
553 900
595 582
388 171
706 186
100 157
281 797
798 858
160 218
568 199
787 39
422 126
796 431
669 983
455 530
417 797
877 84
939 55
568 37
207 530
800 136
622 715
101 908
917 802
504 954
417 965
684 893
22 892
408 640
101 797
762 57
654 369
342 749
495 619
429 206
146 257
308 804
719 314
425 512
763 718
213 737
931 778
153 142
525 478
799 259
514 145
756 172
280 775
813 483
653 378
693 701
659 773
811 718
957 360
791 492
82 510
289 696
806 967
315 652
637 449
147 439
718 2
929 377
683 310
671 281
987 92
551 887
214 207
109 283
23 940
402 957
938 283
441 801
706 248
389 65
783 1
104 165
303 399
216 543
33 255
217 842
253 790
623 214
695 677
938 170
262 608
13 550
839 350
915 118
754 178
455 80
139 912
787 176
751 739
522 655
252 570
678 58
131 325
647 885
942 639
283 14
804 612
249 457
294 107
499 940
61 141
135 650
669 590
28 378
931 635
610 569
960 473
249 6
432 811
255 56
577 797
848 654
386 421
102 421
598 574
467 40
639 134
540 483
796 533
818 253
41 556
456 818
617 589
756 852
379 782
586 240
132 976
775 894
871 209
470 67
395 114
738 518
814 851
163 173
934 991
488 808
828 635
478 932
372 431
889 515
357 61
929 404
858 498
380 882
695 197
834 619
860 315
128 484
665 259
314 467
949 251
841 783
185 102
411 740
360 156
247 401
892 106
380 832
768 338
364 723
735 492
661 521
407 449
657 558
255 523
554 446
190 930
504 677
47 799
70 660
790 765
437 587
187 936
478 121
795 809
905 313
243 901
416 357
250 999
66 918
69 469
19 532
259 5
244 589
580 999
248 392
139 747
165 851
64 144
241 452
999 892
425 719
45 782
825 806
598 602
529 193
680 51
59 158
611 989
514 166
693 836
785 633
897 839
901 887
233 161
876 589
435 945
864 13
21 340
152 185
315 327
690 649
659 682
399 495
220 344
902 498
116 793
297 961
216 923
50 699
234 428
293 957
474 479
238 300
722 137
704 644
104 944
301 522
566 62
803 728
608 257
627 60
167 929
570 164
879 146
368 596
935 92
497 176
175 272
858 236
371 536
190 124
856 632
802 354
622 99
592 82
755 446
403 277
96 769
575 107
851 915
969 776
189 547
859 492
950 965
826 735
350 241
613 693
173 872
472 516
115 595
624 129
493 759
87 675
430 395
785 980
843 158
706 650
981 260
382 787
454 396
383 62
993 350
631 708
874 853
377 241
430 101
236 332
66 484
945 300
619 149
144 930
515 110
440 852
420 490
26 118
337 444
101 555
141 432
948 768
879 540
383 749
816 430
482 686
606 896
604 261
903 980
89 880
861 402
723 497
873 316
76 13
513 371
456 188
202 896
837 179
153 380
923 864
674 294
602 152
510 450
537 230
360 771
687 607
862 755
447 503
647 664
238 456
276 237
427 11
51 679
512 467
472 656
803 756
147 376
828 769
6 461
29 100
765 442
108 995
262 595
592 784
185 414
544 595
212 961
449 273
234 821
152 527
486 39
797 103
69 873
591 101
548 870
114 299
440 187
905 151
963 681
198 406
382 220
165 215
332 328
402 78
194 361
422 831
877 228
861 767
511 826
437 899
155 126
584 816
752 146
329 423
743 588
992 93
234 74
359 327
948 416
571 679
563 441
884 550
191 472
770 669
196 544
588 718
258 159
204 711
946 16
175 454
16 469
571 389
74 215
166 655
704 98
482 592
230 466
602 833
813 337
281 64
779 705
887 864
522 429
605 873
10 379
127 485
875 588
690 367
582 289
270 871
839 658
533 803
845 977
296 530
7 60
509 988
393 713
581 888
547 40
928 121
241 567
738 837
962 625
470 856
327 577
759 578
669 374
233 804
86 540
682 440
379 143
744 199
837 803
214 63
310 706
539 692
1000 480
817 798
289 785
436 156
899 540
83 993
501 434
908 726
229 611
623 636
895 582
786 246
665 787
886 783
28 85
852 821
929 646
454 155
986 594
757 530
95 159
886 190
703 476
248 766
140 398
218 758
444 116
890 36
763 286
193 429
601 472
565 653
92 725
881 82
244 776
407 838
253 731
653 42
13 459
783 667
22 123
775 603
425 611
102 309
598 686
522 215
287 141
112 537
741 962
511 7
175 568
785 412
14 894
733 126
893 395
367 288
524 63
638 165
133 785
73 275
805 546
58 409
818 431
694 250
236 856
185 794
862 956
349 535
444 781
506 870
915 616
309 441
238 273
280 288
632 220
768 902
449 813
826 132
4 600
538 560
759 550
336 120
907 333
