4125.09960998
4182.12106998
4269.15309998
4382.23715998
4529.30556998
4715.38487998
4772.40633998
4909.46524998
5095.54455998
5208.62861998
5322.67154998
5459.73045998
5516.75191998
5647.79240998
5778.83289998
5906.89147998
6037.93196998
6151.97489998
6253.02257998
6340.05460998
6441.10228998
6604.16561998
6790.24492998
6904.28785998
6991.31988998
7048.34134998
7177.38393998
7280.39312998
7351.43023998
7480.47282998
7577.52558998
7676.59399998
7789.67805998
7890.72573998
8037.79414998
8140.80333998
8296.90444998
8409.98850998
8557.05691998
8685.11549998
8871.19480998
9027.29591998
9213.37522998
9342.41781998
9439.47057998
9595.57168998
9698.58087998
9801.59006998
9904.59925998
10017.68332
10145.7419
10258.82596
10389.86645
10490.91413
10647.01524
10775.1102
10876.15788
10979.16707
11082.17626
11213.21675
11326.30081
11413.33284
11541.39142
11640.45983
11741.50751
11838.56027
11953.58721
12066.67127
12167.71895
12323.82006
12437.86299
12524.89502
12637.97908
12752.02201
12867.04895
12966.11736
13080.16029
13167.19232
13238.22943
13295.25089
13442.3193
13570.37788
13657.40991
13756.47832
13853.53108
13990.58999
