976
91 130
167 164
820 658
31 55
865 308
583 460
465 452
233 676
39 712
756 621
219 725
310 393
557 500
447 31
941 730
259 554
191 28
955 899
596 20
200 426
164 188
118 409
407 174
280 455
25 83
958 791
132 137
8 120
167 925
814 635
13 151
16 691
959 26
13 10
655 838
230 458
740 707
311 436
172 40
849 170
828 698
33 494
329 313
931 85
584 236
519 746
61 49
76 89
480 369
97 111
295 177
145 97
247 232
330 69
134 29
439 73
564 419
354 276
607 107
3 74
805 156
35 2
910 850
16 510
645 861
662 215
381 972
650 162
397 922
398 295
812 102
373 346
39 4
265 232
251 266
858 758
528 620
750 771
779 760
154 112
11 40
772 155
298 147
119 181
220 27
221 37
487 330
314 278
902 834
3 5
178 147
423 307
305 529
19 49
300 276
350 783
53 50
937 416
422 67
35 128
623 284
432 237
85 114
883 663
506 362
34 850
486 484
25 639
144 110
176 305
328 198
654 907
117 159
776 653
79 50
7 8
32 170
593 19
249 166
27 166
467 327
76 185
22 121
289 127
28 23
568 769
856 686
975 857
375 54
100 182
530 794
15 453
701 14
564 578
333 194
755 584
57 708
464 390
440 168
690 798
555 409
282 139
1 257
513 718
61 353
7 303
62 52
56 46
367 215
830 379
66 38
94 165
33 16
688 719
61 848
156 9
806 241
303 317
233 97
560 127
522 147
304 110
914 692
244 915
138 614
80 47
141 611
34 25
52 13
961 705
969 263
796 720
606 562
199 188
281 238
564 777
229 123
908 221
661 583
177 10
468 171
35 110
337 199
568 541
186 612
25 129
723 110
389 108
55 153
886 694
376 417
720 731
416 657
201 155
53 69
713 300
94 15
619 42
37 43
973 319
350 244
99 16
370 489
949 868
377 484
121 123
367 832
266 622
136 37
801 755
533 317
134 823
4 12
189 205
104 774
355 28
538 598
253 173
911 604
290 927
688 900
91 539
544 781
681 743
21 30
7 91
921 325
410 433
445 579
258 122
635 46
648 36
539 754
559 818
11 237
741 529
448 230
315 308
694 353
898 320
480 490
218 394
125 331
369 44
825 156
330 521
493 821
444 655
373 739
48 47
530 259
106 697
310 311
62 213
917 871
860 339
19 652
356 99
192 96
307 233
568 738
335 58
381 202
879 454
100 809
544 367
408 115
757 62
309 182
709 131
656 892
438 313
964 49
519 846
948 618
54 684
142 30
135 792
500 318
644 21
831 80
242 674
204 9
431 478
302 113
306 454
23 17
212 189
117 210
406 656
410 9
252 705
55 222
19 17
703 504
595 514
55 349
401 472
6 14
745 596
383 204
234 538
7 60
113 77
572 189
336 518
729 298
207 338
258 399
174 45
163 123
307 939
803 920
589 426
536 241
358 177
517 702
108 38
22 288
694 721
627 551
35 476
15 13
235 836
866 249
75 30
284 853
388 61
181 569
9 58
158 99
461 156
418 653
161 667
397 142
475 224
208 151
400 592
300 505
103 63
217 71
310 63
724 356
418 605
134 195
473 683
44 96
47 950
450 374
8 38
322 301
533 918
327 181
95 695
224 400
622 869
183 148
467 808
148 855
214 201
627 822
451 497
139 162
332 341
750 57
636 295
477 732
366 206
425 102
88 459
434 302
373 897
301 93
516 396
20 246
698 39
319 163
649 573
141 25
143 186
647 347
811 36
276 200
428 591
926 716
200 28
674 896
197 157
254 728
542 601
17 42
893 510
549 93
489 523
594 895
361 498
228 101
134 527
597 912
45 274
643 237
689 97
504 775
662 945
158 345
970 605
46 180
268 363
659 906
53 164
638 496
437 118
641 710
407 877
135 587
243 254
967 326
99 406
641 323
52 77
46 115
730 597
104 294
137 150
2 63
467 672
802 212
3 54
477 155
493 625
29 47
854 325
385 308
184 65
960 770
9 27
323 210
890 57
71 602
83 260
790 281
38 244
267 36
443 369
154 377
285 297
139 16
318 245
621 844
496 283
753 159
466 338
175 575
89 112
110 427
517 458
556 976
571 793
15 160
670 260
496 503
302 654
243 296
528 217
307 429
479 947
887 26
859 74
238 444
111 133
119 3
553 880
59 17
273 20
154 320
87 21
10 41
791 346
469 442
6 9
581 400
14 18
2 1
372 340
44 617
5 64
49 71
160 263
685 405
493 706
608 211
615 564
923 197
203 156
33 67
412 870
449 74
373 726
457 770
102 416
25 9
586 131
499 184
524 628
765 60
639 935
787 406
101 74
889 703
816 801
22 45
156 384
188 548
437 488
9 32
435 128
357 2
224 200
348 211
852 80
75 189
415 197
800 414
360 254
29 209
671 606
93 46
94 371
630 431
194 113
15 234
25 65
236 118
626 54
247 545
71 325
100 38
290 279
17 240
720 142
715 89
751 5
283 839
487 552
909 636
604 31
3 207
243 63
98 38
232 145
324 67
557 797
7 5
25 37
401 404
151 351
669 654
22 26
6 502
597 432
184 272
479 78
292 106
75 106
71 92
319 339
344 69
405 380
807 698
321 954
316 120
206 61
78 374
254 277
180 813
443 504
443 492
16 13
561 933
727 717
752 389
333 378
666 243
789 753
435 624
116 1
218 118
542 342
260 271
585 196
223 580
132 58
20 594
190 125
202 111
181 936
252 23
362 66
419 174
446 6
957 692
13 482
368 60
221 717
357 874
968 465
159 340
493 722
14 17
219 261
105 140
817 258
114 495
176 559
60 365
274 901
107 58
473 345
636 956
974 597
471 389
220 704
266 280
195 827
22 5
231 574
248 45
543 289
82 131
843 63
117 15
147 121
677 141
780 554
648 716
10 24
418 216
778 268
324 364
70 68
665 37
128 347
319 824
2 599
281 512
525 412
934 288
171 166
390 474
470 56
168 306
38 279
229 784
278 112
51 259
200 962
905 728
761 592
25 88
83 588
173 561
6 1
209 675
386 19
138 110
295 411
90 52
637 500
472 547
228 238
71 219
862 260
210 573
4 118
296 558
565 366
428 370
597 946
249 401
67 645
20 78
344 431
185 391
284 403
293 16
483 8
263 420
181 633
951 696
420 881
421 98
566 140
747 451
556 3
173 109
102 47
78 235
384 768
452 171
868 80
182 321
899 504
68 16
109 37
531 550
257 413
578 679
28 264
335 414
563 467
430 344
308 291
361 600
62 95
508 343
169 402
62 211
442 45
971 132
194 567
361 250
424 85
70 733
152 392
244 799
481 447
632 517
331 332
56 546
137 146
773 229
635 864
62 104
239 23
183 540
884 121
155 287
667 690
298 570
144 148
953 178
460 452
664 321
69 187
6 629
21 286
81 764
532 81
305 744
58 76
57 19
163 513
847 725
149 40
453 582
618 13
919 286
13 668
133 603
134 291
258 785
393 441
82 376
140 198
829 837
6 46
680 699
3 105
501 767
687 278
299 571
2 4
244 515
607 819
390 23
616 459
193 161
184 326
7 370
151 346
903 334
17 44
85 79
359 700
270 387
804 724
126 79
51 456
867 966
36 50
215 95
144 352
245 208
1 3
241 50
10 5
596 840
759 454
268 126
81 62
153 412
562 503
641 891
334 87
138 888
31 231
143 111
885 872
673 444
952 46
396 245
3 642
179 299
788 499
300 535
124 19
302 395
872 265
172 379
795 641
168 485
122 36
405 686
502 524
139 631
929 230
820 841
682 466
108 640
157 103
826 549
336 172
305 943
12 21
833 598
81 285
176 21
748 497
295 749
220 965
216 208
45 155
463 257
55 491
58 168
51 72
474 760
470 526
508 916
169 150
344 551
275 146
327 514
873 862
607 878
45 511
537 164
227 86
621 758
227 736
519 29
253 663
942 623
100 256
97 462
51 25
416 815
86 24
493 183
189 262
358 932
681 665
20 610
624 882
77 646
283 210
36 904
233 269
735 36
930 514
198 313
141 342
688 347
159 541
257 577
494 693
408 845
82 226
531 590
940 808
714 475
20 9
353 507
928 507
57 73
152 97
250 68
284 126
613 472
359 315
576 5
680 311
548 762
181 270
196 151
586 658
944 277
176 501
17 782
390 457
876 767
696 62
594 766
343 74
380 180
103 659
27 312
13 678
609 324
445 347
225 137
251 18
33 451
857 194
230 211
803 539
149 867
153 871
711 688
135 106
330 707
16 175
161 98
734 589
36 21
125 117
895 924
938 797
215 242
913 225
660 287
31 14
851 504
520 894
842 520
815 834
786 143
144 255
187 223
763 416
112 520
875 649
549 553
401 742
179 91
963 214
82 23
29 7
792 829
487 634
457 621
